#main 
25538345
25538345
25538345
83566725
83566725
83566725
88544390
36426778
36426778
36426778
90432163
46072770
46072770
46072770
63821877
19353570
30068120
10802915
10802915
10802915
67750322
67750322
52159691
42141493
42141493
42141493
84192580
84192580
59438930
59438930
59438930
24508238
24508238
3298689
88504133
62104532
25789292
25789292
25789292
80534031
39733924
77462146
25542642
#extra 
78449284
62709239
41522092
16237004
25853045
67630394
20145685
94151981
1621413
16195942
64276752
95992081
33113958
581014
77675029
!side 
28674152
28674152
8267140
8267140
43898403
43898403
69162969
69162969
21501961
29549364
29549364
29549364
98827725
91279700
62709239
