#main 
22912101
22912101
22912101
58916810
58916810
58916810
84401954
84401954
84401954
11895663
85523502
85523502
85523502
18738846
18738846
102380
102380
48770333
67750322
59438930
59438930
24508238
37654623
37654623
37654623
64049762
64049762
64049762
433377
433377
5318639
5318639
5318639
25789292
25789292
35480699
49238328
49238328
59921227
59921227
23526128
#extra 
26326541
57288064
72444406
98506199
48882106
48882106
6983839
9567495
16259549
85252081
40673853
59531356
81196066
24915933
18666161
!side 
78783557
67750322
102380
48770333
66236707
66236707
59494222
59494222
64697431
64697431
21501961
25789292
29549364
29549364
29549364
