#main 
25865565
25865565
3422200
3422200
3422200
83443619
83443619
83443619
20050865
29838323
99471856
99471856
99471856
13597785
13597785
13597785
59581480
59581480
59581480
85976588
12375297
67750322
67750322
59438930
59438930
64491754
64491754
64491754
53129443
53129443
43898403
43898403
25789292
25789292
25789292
54261514
54261514
31552317
53829527
24092792
#extra 
47736165
47736165
13455674
42302563
73580471
50954680
44508094
30983281
69191257
61775475
84664085
15982593
37675907
78693036
33158448
!side 
99193444
99193444
99193444
37104630
706925
78783557
78783557
78783557
53129443
43898403
54261514
69279219
69279219
69279219
18158393
