#main 
86120751
86120751
86120751
57294268
57294268
57294268
84288367
84288367
84288367
10673071
45223540
45223540
35405755
35405755
67750322
67750322
67750322
24508238
24508238
74063034
74063034
74063034
37432075
37432075
37432075
47679935
47679935
47679935
63926180
63926180
63926180
54261514
54261514
21501961
25789292
25789292
25789292
48130397
48130397
48130397
#extra 
33166263
33166263
43989315
43989315
70383419
6772168
11270236
97300502
38423248
75286621
49513164
80843006
66532962
11765832
54757758
!side 
35405755
93332803
48770333
36956512
99330325
99330325
99330325
43898403
43898403
43898403
98045062
77538567
77538567
9070454
86319972
