#main 
1498449
75003700
75003700
75003700
84477320
7375867
70871153
70871153
70871153
44482554
44482554
44482554
44994712
44994712
44994712
18595008
44932065
79109599
79109599
79109599
67750322
67750322
67750322
29726552
6153210
32548318
32548318
89176044
89176044
89176044
24094653
24094653
24094653
10218411
25789292
25789292
25789292
80208225
69932023
5431722
#extra 
33760966
79755671
79755671
42125140
89851827
13735899
72578374
41209827
41578483
80843006
69946549
66787942
6560411
73580471
50954680
!side 
55725117
28674152
36956512
102380
102380
102380
99330325
99330325
99330325
8267140
5318639
5318639
34694160
34694160
34694160
