#main 
70405001
44001993
97462632
24088928
24088928
24088928
58769832
58769832
58769832
25784595
62991792
62991792
62991792
98396890
67750322
67750322
29726552
29726552
29726552
24508238
24508238
33599853
33599853
75983808
82997779
82997779
82997779
98173209
98173209
98173209
99398682
25789292
25789292
25789292
8267140
8267140
8267140
24749710
87985506
5168381
#extra 
70902743
70902743
70902743
87451661
87451661
36857073
80666118
66141736
94641726
5041348
87837090
34848821
41373230
51409648
1906812
!side 
10000080
10000080
10000080
67750322
70485614
70485614
70485614
43898403
43898403
43898403
17269895
94423983
65703851
65703851
65703851
