#main 
16387555
89392810
89392810
89392810
16509007
16509007
16509007
43904702
37799519
37799519
9742784
63977008
11069680
59438930
59438930
59438930
14442329
14442329
78058681
78058681
78058681
99243014
99243014
99243014
97474300
97474300
97474300
96363153
96363153
96363153
26387390
26387390
26387390
21501961
21501961
21501961
98045062
98045062
25789292
18158393
#extra 
15665977
15665977
88170262
88170262
42781164
42781164
42781164
41069676
41069676
4891376
50954680
286392
76524506
83810690
821049
!side 
97940434
97940434
97940434
93332803
93332803
29726552
46565218
75652080
75652080
75652080
12923641
12923641
12923641
98045062
40847034
