#main 
61980241
61980241
61980241
38648860
25592142
25592142
24779554
98385955
98385955
98385955
23151193
60145298
60145298
65504487
69925461
99289828
99289828
93723936
78293584
24878656
24878656
24878656
73594093
21501961
35480699
35480699
14087893
14087893
54693926
54693926
25789292
25789292
25789292
33907039
33907039
33907039
15693423
15693423
38511382
53329234
64998567
#extra 
14307929
77313225
41924516
5800323
79415624
5041348
42566602
92744676
15982593
84664085
821049
46772449
58071334
9785661
46174776
!side 
53765052
34267821
34267821
34267821
67750322
67750322
67750322
46565218
46565218
43898403
43898403
12923641
12923641
18158393
26334139
