#main 
61980241
61980241
61980241
38648860
25592142
25592142
24779554
98385955
98385955
60145298
23151193
67750322
67750322
84192580
84192580
42141493
42141493
59438930
73642296
99289828
93723936
78293584
17782288
17782288
17782288
71275181
71275181
71275181
33907039
33907039
33907039
83626916
18158393
15693423
15693423
15693423
54171327
54171327
54171327
53329234
64998567
#extra 
77313225
41924516
5800323
79415624
79415624
42410161
42410161
81797573
81797573
55393975
28904860
21281085
821049
58071334
58071334
!side 
53765052
97940434
67750322
34267821
34267821
24081957
39881252
51706604
51706604
75652080
75652080
75652080
7811875
7811875
7811875
