#main 
11895663
58916810
58916810
58916810
22912101
22912101
22912101
84401954
84401954
84401954
85523502
85523502
85523502
48770333
18738846
102380
102380
49238328
49238328
49238328
5318639
5318639
5318639
25789292
25789292
25789292
37654623
37654623
37654623
64049762
64049762
64049762
433377
433377
433377
23526128
59921227
59921227
42091632
42091632
42091632
#extra 
87116928
87116928
87116928
79229522
79229522
83656563
83656563
83656563
59531356
75748977
67359907
40673853
40673853
40673853
76213610
!side 
24508238
24508238
67750322
67750322
67750322
26084285
26084285
26084285
102380
53778229
53778229
53778229
64697431
64697431
64697431
