#main 
27755794
27755794
27755794
54143349
54143349
80538047
80538047
80538047
16922142
16922142
16922142
53927851
85315450
85315450
34242278
34242278
71736213
5318639
5318639
5318639
20508881
20508881
20508881
67115133
67115133
94103142
94103142
94103142
25940932
25940932
25940932
54261514
54261514
8267140
8267140
25789292
25789292
25789292
21501961
53813120
#extra 
26563200
15914410
47805931
85252081
71068247
31320433
80993256
94151981
20145685
99469936
67630394
39317553
9567495
92661479
97584719
!side 
102380
102380
102380
78783557
78783557
78783557
66236707
66236707
66236707
96864811
96864811
96864811
75364199
75364199
75364199
