#main 
58753372
58753372
58753372
66646087
66646087
66646087
92034192
92034192
92034192
59975920
59975920
12369277
12369277
12369277
85374678
73422829
73422829
73422829
21147203
21147203
40177746
40177746
40177746
17266660
17266660
17266660
21074344
21074344
21074344
34267821
34267821
34267821
99937011
99937011
63542003
63542003
98349765
98349765
98349765
72332074
10424147
75493362
75493362
39733924
#extra 
11646785
85252081
85252081
57450198
57450198
57031794
57031794
84025439
90448279
93039339
72167543
94151981
20145685
67630394
80117527
!side 
94689635
94689635
28674152
28674152
28674152
21501961
8267140
8267140
8267140
53129443
53129443
53129443
29549364
29549364
29549364
