#main 
91438674
91438674
91438674
21050476
27480536
67750322
67750322
67750322
81275020
81275020
81275020
53932291
91800273
91800273
91800273
2674965
30964246
30964246
30964246
97223101
97223101
21501961
19403423
19403423
23153227
7477101
7477101
7477101
14883228
14883228
23626223
44822037
95561146
85888377
85888377
85888377
39733924
65889305
65889305
38379052
91284003
#extra 
40706444
40706444
67630394
20145685
94151981
4423206
14301396
48009503
27069566
63746411
6983839
55285840
46772449
66011101
97800311
!side 
36956512
36956512
36956512
43455065
43455065
43455065
54693926
54693926
54693926
31398842
31398842
65703851
65703851
65703851
96004535
