#main 
10426067
10426067
10426067
84031359
84031359
84031359
82773292
82773292
82773292
25451652
25451652
52840267
52840267
52840267
25339070
73642296
73642296
59438930
59438930
17266660
17266660
17266660
21074344
21074344
21074344
98829635
24299458
99941223
99941223
87112784
87112784
87112784
14517422
25661743
25661743
25661743
44886582
44886582
44886582
50501121
48152161
#extra 
85065943
17749468
10136446
10136446
10136446
4167084
4167084
41763141
11765832
69946549
92892239
79561872
51960178
68231287
68231287
!side 
93332803
93332803
93332803
28674152
67750322
67750322
67750322
24508238
24508238
24508238
12923641
5318639
5318639
53129443
53129443
