#main 
86937530
86937530
86937530
42921475
19144622
19144622
19144622
40041559
40041559
40041559
875572
7656689
7656689
7656689
96228804
96228804
96228804
21744288
84192580
84192580
84192580
59438930
59438930
59438930
24508238
24508238
24508238
19326613
82119326
82119326
56725612
56725612
56725612
34041788
46411259
46411259
46411259
25789292
25789292
48130397
48130397
48130397
#extra 
78021082
78021082
4026187
4026187
84433295
37260677
66532962
80843006
11765832
54757758
46772449
65301952
74689476
27632520
27632520
!side 
46565218
46565218
46565218
13821299
13821299
13821299
8267140
8267140
8267140
53129443
34694160
34694160
34694160
81489939
81489939
