#main 
81101309
81101309
81101309
45116390
13647631
13647631
88875132
43471513
43471513
43471513
42940404
42940404
45674286
5556499
69838761
87074380
46033517
18616294
18616294
18616294
41516133
5121528
84257883
50251045
50251045
50251045
96345184
96345184
96345184
22734799
59138498
14702066
10604644
42141493
42141493
42141493
84192580
84192580
84192580
27204311
67750322
67750322
21501961
21501961
25789292
25789292
38776201
38776201
38776201
65861210
89558743
89558743
89558743
86852702
86852702
86852702
4909946
4909946
4909946
76136345
#extra 
32467459
92359409
92359409
38354018
38354018
56910167
56910167
56910167
26096328
49032236
3814632
11132674
48285768
15778492
28912357
!side 
63941210
63941210
63941210
24521754
23856331
66675911
18144507
44394295
44394295
44394295
8267140
8267140
8267140
67724434
67724434
