#main 
70405001
70405001
44001993
44001993
98684220
97462632
97462632
24088928
24088928
24088928
3078380
2333466
342673
2501624
2501624
53008933
33145233
62991792
62991792
62991792
67750322
67750322
67750322
33599853
33599853
75983808
2372506
79791878
79791878
78679226
5786513
5786513
24461358
23008320
66236707
7337976
7337976
7337976
10813327
24749710
#extra 
85059922
50237654
41721210
85899505
99267150
24915933
41373230
71222868
40673853
40673853
50954680
72444406
61775475
67508932
53971455
!side 
73355772
73355772
73355772
102380
102380
69162969
69162969
43898403
64697431
66236707
34694160
34694160
34694160
82956214
16693934
