#main 
28954097
28954097
28954097
23076639
23076639
23076639
55461744
55461744
58143852
58143852
53765052
95132593
68144894
68144894
68144894
32759190
32759190
32759190
95365081
95365081
18321034
18321034
18321034
84192580
84192580
84192580
67750322
67750322
67750322
5318639
25789292
25789292
25789292
63136489
63136489
63136489
20415050
57809669
29792472
93294363
#extra 
1769875
69601012
69601012
38264974
11321089
67021206
67021206
67021206
31411835
31411835
94410955
9785661
43227
50907446
74822425
!side 
1035143
1035143
1035143
28674152
97940434
97940434
97518132
77723643
3717252
44394295
44394295
44394295
49587034
49587034
49587034
