#main 
37343995
37343995
37343995
16474916
16474916
16474916
43863925
43863925
5352328
5352328
79858629
9627299
9627299
9627299
67972302
67972302
67972302
16889337
67750322
67750322
91800273
91800273
91800273
19230408
19230408
8267140
8267140
8267140
53129443
53129443
53129443
77913594
77913594
77913594
52335937
52335937
4408198
77891946
197042
96004535
#extra 
59242457
59242457
77675029
77675029
42741437
42741437
78135071
78135071
41524885
41524885
5530780
5530780
46772449
82633039
16195942
!side 
10000080
10000080
21501961
21501961
5318639
5318639
75652080
96004535
96004535
34694160
34694160
34694160
29549364
29549364
29549364
