#main 
37799519
73218792
73218792
73218792
13021682
63977008
63977008
77202120
9742784
16449363
91215724
50604072
50604072
18711696
17201951
17201951
17201951
63184227
67750322
67750322
67750322
42141493
42141493
42141493
43834302
43834302
37750912
91002901
91002901
91002901
26387390
26387390
26387390
35480699
35480699
35269904
15693423
49415281
49415281
49415281
#extra 
44508094
30983281
73580471
50954680
74892653
37675907
42711820
2322421
84664085
286392
50091196
109401
4891376
41924516
87188910
!side 
10000080
10000080
10000080
46565218
46565218
46565218
97940434
97940434
97940434
97474300
97474300
97474300
60306277
60800381
16327715
