#main 
44839512
44839512
44839512
87814728
87814728
87814728
51826619
51826619
86289475
52566270
79418928
79418928
79418928
24431911
80839052
45041488
43017476
43017476
43017476
96345188
10000080
10000080
10000080
42141493
42141493
42141493
65514302
65514302
65514302
54734082
81994591
28653611
28653611
28653611
25789292
25789292
25789292
35480699
13927359
39733924
#extra 
47247792
47247792
21861412
88021907
66011101
6983839
46772449
61399402
40673853
64626565
41522092
86331741
20145685
67630394
73347079
!side 
91479482
84192580
84192580
43898403
43898403
43898403
75652080
75652080
43150717
58851034
58851034
58851034
96004535
46804536
46772449
