#main 
61980241
61980241
61980241
38648860
25592142
24779554
98385955
98385955
60145298
60145298
23151193
96030710
97698279
15005145
15005145
15005145
42493140
42493140
67750322
67750322
67750322
97268402
99289828
99289828
99289828
78293584
41371602
41371602
92907248
77765207
77765207
77765207
35726888
35726888
66236707
66236707
25789292
18158393
58120309
40155014
62995268
38511382
53329234
64998567
64998567
#extra 
14307929
77313225
41924516
5800323
79415624
15982593
8841431
8841431
64880894
44508094
78693036
21281085
50954680
821049
58071334
!side 
63941210
48770333
29726552
93723936
21501961
69279219
69279219
53129443
53129443
27581098
27581098
27581098
75364199
75364199
75364199
