#main 
33302589
33302589
33302589
82913020
78358521
44635489
79210531
79210531
60700283
60700283
42822433
51831560
51831560
51831560
35622739
17266660
17266660
17266660
21074344
21074344
67972302
40177746
40177746
67750322
67750322
10125011
10125011
69678646
69678646
69678646
65236257
24220368
75493362
75493362
75493362
21501961
21501961
35480699
35480699
43898403
#extra 
58858807
58858807
32289031
73964868
6195332
64414267
9272381
56638325
38495396
26329679
61399402
2609443
45852939
46772449
66532962
!side 
78783557
78783557
78783557
58655504
58655504
26084285
43898403
43898403
69279219
69279219
69279219
64697431
3259760
14883228
41510920
