#main 
81101309
81101309
13647631
45116390
45116390
87074380
5556499
46033517
45674286
42940404
42940404
43471513
43471513
13567610
63941210
63941210
66675911
102380
42141493
42141493
52782439
52782439
25274141
25274141
25274141
76136345
86852702
86852702
86852702
89693655
89693655
89693655
64697431
64697431
44394295
44394295
44394295
66236707
66236707
66236707
98476659
98476659
#extra 
92359409
92359409
38354018
38354018
26096328
26096328
49032236
49032236
56910167
56910167
49121795
28912357
15778492
3814632
32467459
!side 
81101309
5121528
41516133
14702066
36745317
36745317
36745317
18616294
4909946
4909946
4909946
51706604
51706604
51706604
51369889
