#main 
23856331
50251045
50251045
50251045
96345184
96345184
96345184
59138498
59138498
59138498
22734799
41406613
41406613
41406613
34230233
15667446
78077209
17350692
48770333
63941210
59438930
59438930
52038441
42141493
42141493
42141493
65861210
65861210
65861210
1259915
1259915
1259915
38776201
38776201
38776201
98696958
99330325
99330325
2263869
2263869
25789292
50147815
#extra 
7894706
59531356
80843006
41209827
69946549
72971064
8491961
70636044
87676171
93854893
40673853
3814632
92359409
38354018
98506199
!side 
10000080
10000080
10000080
68144894
68144894
43898403
43898403
43898403
12923641
12923641
96474800
29549364
96004535
96004535
96004535
