#main 
2618725
2618725
56034579
56034579
56034579
29927283
20568404
20568404
20568404
80727721
80727721
93170499
93170499
93170499
18940556
82385847
38572779
44335251
44335251
44335251
50834074
45223540
45223540
45223540
48770333
36956512
67750322
67750322
67750322
42141493
42141493
42141493
24508238
18795635
38984832
89948817
24094653
89558743
89558743
89558743
99330325
5479217
#extra 
75191028
56311997
82706696
1595137
86239173
17548456
17548456
17548456
52553102
52553102
52553102
65961683
34149150
74294676
42752141
!side 
93332803
5852388
67523044
99330325
64697431
64697431
8267140
8267140
78610936
78610936
14883228
14883228
18158393
18158393
18158393
