#main 
42759961
42759961
42759961
82159583
82159583
95492061
95492061
10000080
10000080
59438930
59438930
24508238
24508238
27204311
27204311
42141493
42141493
42141493
57847269
20448151
20448151
20448151
83232904
17782288
17782288
17782288
98045062
98045062
98045062
25789292
25789292
27243130
27243130
96729612
96729612
54171327
54171327
54171327
6547248
70058649
70058649
#extra 
31533473
31533473
31533473
91237821
91237821
91237821
93172951
93172951
93172951
42410161
81797573
81797573
55393975
28904860
28904860
!side 
21208154
10000080
29726552
67750322
67750322
67750322
12923641
12923641
12923641
43898403
43898403
8267140
164710
49010598
49010598
