#main 
22912101
22912101
22912101
58916810
58916810
58916810
84401954
84401954
84401954
11895663
85523502
85523502
85523502
59438930
59438930
18738846
66722103
84192580
84192580
84192580
97526666
64049762
64049762
64049762
37654623
37654623
37654623
433377
21501961
21501961
43898403
43898403
35726888
35726888
73594093
8267140
8267140
59921227
59921227
23526128
#extra 
!side 
48770333
48770333
48770333
34267821
34267821
34267821
78610936
78610936
78610936
51706604
51706604
51706604
54693926
54693926
43898403
