#main 
22912101
22912101
22912101
58916810
58916810
58916810
84401954
84401954
84401954
11895663
85523502
85523502
85523502
73355772
73355772
73355772
71564252
42141493
42141493
42141493
59438930
59438930
24508238
24508238
37654623
37654623
37654623
64049762
64049762
64049762
433377
21501961
21501961
7477101
7477101
7477101
82956214
59921227
59921227
23526128
#extra 
72444406
98506199
48882106
7894706
70117791
81196066
63746411
88177324
68396121
9940036
46772449
82633039
40673853
40673853
94151981
!side 
68144894
68144894
68144894
48770333
36956512
28674152
99330325
99330325
99330325
2263869
2263869
2263869
14883228
14883228
14883228
