#main 
11895663
84401954
84401954
84401954
58916810
58916810
58916810
22912101
22912101
22912101
85523502
85523502
85523502
66722103
18738846
59438930
59438930
59438930
42141493
42141493
84192580
24508238
24508238
24508238
49238328
49238328
21501961
21501961
7477101
7477101
54261514
37654623
37654623
37654623
64049762
64049762
64049762
433377
59921227
59921227
#extra 
68396121
68396121
68396121
49678559
49678559
49678559
63746411
63746411
63746411
16507828
9653271
25655502
2504891
32751480
31339260
!side 
48770333
40672993
29951323
102380
102380
102380
1372887
43898403
43898403
21501961
164710
23526128
14883228
14883228
14883228
