#main 
11895663
84401954
84401954
84401954
58916810
58916810
58916810
22912101
22912101
22912101
85523502
85523502
85523502
66722103
66722103
48770333
97526666
84192580
84192580
84192580
37654623
37654623
37654623
64049762
64049762
64049762
433377
433377
98476659
98476659
7477101
7477101
7477101
21501961
8267140
8267140
8267140
59921227
59921227
23526128
#extra 
83656563
59531356
3410461
3410461
98506199
72444406
63746411
63746411
63746411
2061963
2061963
40673853
40673853
20785975
68396121
!side 
24508238
24508238
67750322
34267821
34267821
34267821
23153227
23153227
23153227
1372887
1372887
1372887
51706604
51706604
51706604
