#main 
85523502
85523502
85523502
22912101
22912101
22912101
58916810
58916810
58916810
11895663
84401954
84401954
84401954
66722103
66722103
48770333
102380
102380
102380
433377
433377
64049762
64049762
64049762
37654623
37654623
37654623
35726888
35726888
35726888
49238328
49238328
49238328
35480699
35480699
23526128
59921227
59921227
42091632
42091632
#extra 
58071334
59531356
59531356
86682165
30983281
98506199
46057733
64182380
44698398
40673853
40673853
46804536
6983839
3790062
32453837
!side 
10000080
10000080
10000080
78783557
78783557
78783557
24508238
24508238
5318639
5318639
43898403
43898403
12923641
12923641
12923641
