#main 
25451652
25451652
52840267
52840267
52840267
84031359
84031359
84031359
10426067
10426067
10426067
25339070
82773292
82773292
82773292
21074344
21074344
21074344
17266660
17266660
17266660
73642296
73642296
59438930
59438930
14517422
87112784
87112784
87112784
99941223
99941223
98829635
24299458
44886582
44886582
44886582
25661743
25661743
25661743
21501961
50501121
48152161
#extra 
10136446
10136446
10136446
4167084
4167084
41763141
92892239
69946549
11765832
9551692
85065943
17749468
5914858
68231287
30100551
!side 
67750322
67750322
67750322
24508238
24508238
93332803
63941210
46565218
25789292
25789292
54261514
54261514
5318639
5318639
12923641
