#main 
92472273
92472273
92472273
28877382
28877382
28877382
54265980
54265980
54265980
81650695
81650695
97556336
89312388
55697723
55697723
55697723
81096431
10604644
84192580
84192580
84192580
27204311
24508238
24508238
24508238
68831625
84054556
38007649
38007649
38007649
32442017
32442017
32442017
8949584
8949584
8949584
25789292
25789292
25789292
80320877
#extra 
11132674
48285768
41522092
86331741
61399402
6983839
46772449
16643334
68231287
95626382
95626382
65848113
31010081
31010081
27184601
!side 
36956512
36956512
29726552
29726552
99330325
99330325
99330325
54693926
54693926
54693926
43898403
43898403
65703851
65703851
