#main 
3422200
3422200
3422200
25865565
25865565
83443619
83443619
83443619
29838323
20050865
99471856
99471856
99471856
13597785
13597785
13597785
59581480
59581480
59581480
85976588
12375297
42141493
42141493
42141493
31552317
64491754
64491754
64491754
53129443
53129443
25789292
25789292
25789292
54693926
54693926
54693926
43898403
43898403
53829527
24092792
#extra 
15982593
61775475
78693036
84664085
69191257
50954680
30983281
44508094
73580471
33158448
37675907
42302563
13455674
47736165
47736165
!side 
99193444
99193444
99193444
706925
37104630
24508238
24508238
24508238
53129443
64697431
43898403
54261514
54261514
54261514
18158393
