#main 
86937530
86937530
86937530
65953423
42921475
19144622
19144622
19144622
40041559
40041559
40041559
96228804
96228804
96228804
59438930
59438930
73642296
73642296
52038441
52038441
97268402
97268402
24508238
24508238
19326613
82119326
56725612
56725612
56725612
60439482
34041788
34041788
34041788
25789292
25789292
25789292
48130397
48130397
48130397
46411259
#extra 
78021082
4026187
4026187
84433295
80843006
41209827
69946549
66532962
11765832
54757758
6983839
46772449
17016362
27632520
27632520
!side 
67750322
67750322
46565218
46565218
29726552
28674152
24508238
5318639
5318639
64697431
64697431
1372887
1372887
21501961
82119326
