#main 
86120751
86120751
86120751
57294268
57294268
57294268
84288367
84288367
84288367
10673071
97682931
97682931
59438930
59438930
59438930
73642296
73642296
73642296
24508238
24508238
74063034
74063034
37432075
37432075
63926180
63926180
63926180
47679935
47679935
47679935
96363153
96363153
21501961
54261514
54261514
8267140
8267140
8267140
25789292
25789292
86319972
#extra 
97300502
70383419
38423248
75286621
6772168
49513164
49513164
43989315
43989315
11270236
33166263
33166263
66532962
73580471
50954680
!side 
34267821
34267821
34267821
93332803
36956512
48770333
99330325
99330325
99330325
51706604
51706604
51706604
54261514
84749824
84749824
