#main 
2347656
73602965
73602965
73602965
1225009
1225009
1225009
75730490
37629703
37629703
37629703
74018812
74018812
74018812
2511
60990740
60990740
60990740
33407125
92714517
92714517
92714517
5380979
80101899
80101899
80101899
30748475
30748475
30748475
6325660
6325660
6351147
25096909
25096909
25096909
20899496
20899496
63086455
63086455
82956214
82956214
#extra 
30128445
30128445
40673853
40673853
77571454
46772449
94151981
51497409
9486959
32453837
69601012
47219274
28373620
92385016
55990317
!side 
9822220
9822220
102380
102380
73355772
73355772
24508238
69895264
96474800
96474800
31548215
31548215
83319154
83319154
83319154
