#main 
44839512
44839512
44839512
87814728
87814728
87814728
86289475
51826619
51826619
52566270
79418928
79418928
79418928
24431911
43017476
43017476
43017476
80839052
45041488
45041488
67750322
67750322
42141493
42141493
42141493
27204311
27204311
65514302
65514302
65514302
54734082
81994591
81994591
28653611
28653611
25789292
25789292
25789292
35480699
35480699
#extra 
47247792
47247792
21861412
21861412
84013237
56832966
41522092
88021907
61399402
581014
6983839
45852939
40673853
46772449
78144171
!side 
34267821
34267821
34267821
28674152
29726552
36956512
43898403
43898403
43898403
3259760
3259760
3259760
99330325
99330325
99330325
