#main 
86937530
86937530
86937530
19144622
19144622
40041559
40041559
87003671
87003671
51618973
26674724
26674724
26674724
52846880
875572
96228804
96228804
96228804
84192580
84192580
42141493
42141493
59438930
59438930
24508238
24508238
24508238
27204311
82119326
82119326
19326613
56725612
56725612
56725612
46411259
34041788
25789292
48130397
48130397
48130397
#extra 
4026187
4026187
78021082
37260677
66532962
80843006
84433295
69946549
11765832
54757758
46772449
65301952
74689476
27632520
27632520
!side 
46565218
46565218
46565218
64697431
64697431
53778229
82105704
3259760
30241314
30241314
83266092
83266092
14883228
14883228
14883228
