#main 
86937530
86937530
86937530
19144622
19144622
19144622
40041559
40041559
40041559
87003671
51618973
51618973
26674724
26674724
26674724
96228804
96228804
96228804
875572
27204311
42141493
42141493
42141493
97268402
97268402
97268402
59438930
59438930
82119326
82119326
19326613
56725612
56725612
56725612
34041788
25789292
25789292
25789292
10045474
10045474
#extra 
95911373
84433295
80843006
69946549
37260677
66532962
4026187
4026187
78021082
78021082
61399402
46772449
74689476
27632520
27632520
!side 
93332803
28674152
36956512
29726552
67750322
67750322
67750322
24508238
4227096
99330325
99330325
99330325
21501961
21501961
96005435
