#main 
70405001
44001993
24088928
24088928
24088928
97462632
19434243
19434243
98396890
98396890
62991792
62991792
62991792
83445539
25784595
25784595
25784595
34761841
77360173
19299793
27204311
27204311
33599853
99398682
98173209
98173209
98173209
23008320
23008320
23008320
54261514
54261514
31834488
35480699
25789292
25789292
25789292
17269895
5376159
24749710
#extra 
36857073
70902743
70902743
97489701
30698243
66141736
66141736
99585850
80666118
87451661
67809530
16172067
94641726
87837090
5041348
!side 
78783557
78783557
78783557
93332803
29726552
48770333
36956512
67750322
67750322
99330325
99330325
99330325
43898403
43898403
43898403
