#main 
70405001
44001993
97462632
24088928
24088928
24088928
58769832
58769832
58769832
25784595
62991792
62991792
62991792
98396890
67750322
67750322
42141493
42141493
42141493
24508238
24508238
33599853
33599853
75983808
98173209
98173209
98173209
82997779
82997779
82997779
35480699
35480699
25789292
25789292
25789292
8267140
8267140
24749710
87985506
5168381
#extra 
94641726
27548199
5041348
80666118
87451661
70902743
70902743
66141736
33955120
1906812
34848821
34848821
34848821
41373230
41373230
!side 
11248645
36956512
28674152
29726552
43898403
43898403
43898403
70485614
70485614
70485614
17269895
5168381
94423983
65703851
65703851
