#main 
44994712
44994712
44994712
18595008
79966218
79966218
79966218
44932065
44932065
35272499
61677004
93708824
93708824
93708824
12213463
21036656
67750322
84192580
84192580
42141493
27204311
27204311
97268402
97268402
52038441
59438930
59438930
24508238
69053263
14463695
89176044
89176044
89176044
74335036
48130397
44886582
76647978
89558743
89558743
44536921
#extra 
50954680
4891376
6560411
6560411
73580471
33955120
53325667
66787942
39915560
41209827
69946549
25586143
66309175
41763141
54757758
!side 
66100116
67750322
67750322
8267140
43898403
43898403
43898403
51706604
51706604
51706604
21501961
21501961
91078716
91078716
91078716
