#main 
58916810
58916810
58916810
11895663
84401954
84401954
84401954
22912101
22912101
22912101
85523502
85523502
85523502
23856331
22734799
96345184
96345184
96345184
50251045
50251045
50251045
97526666
59138498
59138498
59138498
48770333
17350692
59438930
59438930
59438930
64049762
64049762
64049762
37654623
37654623
37654623
38776201
38776201
38776201
1259915
1259915
1259915
65861210
65861210
7477101
7477101
7477101
7044562
7044562
7044562
58570206
58570206
58570206
23153227
23153227
59921227
59921227
59921227
23526128
50147815
#extra 
38354018
92359409
56910167
26096328
70636044
63746411
68396121
7894706
85065943
17745969
32467459
32467459
8852158
80843006
48608796
!side 
10000080
10000080
10000080
102380
102380
102380
81035362
77723643
78077209
44394295
44394295
44394295
14883228
14883228
14883228
