#main 
61980241
61980241
61980241
38648860
25592142
25592142
25592142
24779554
98385955
98385955
60145298
23151193
85976588
24508238
24508238
99289828
93723936
78293584
17782288
17782288
17782288
35480699
35480699
35480699
33907039
33907039
33907039
8267140
8267140
8267140
15693423
15693423
15693423
54171327
54171327
54171327
18158393
24092792
53329234
64998567
#extra 
14307929
77313225
41924516
5800323
79415624
42410161
42410161
81797573
28904860
92744676
15665977
21281085
84664085
821049
58071334
!side 
78783557
78783557
78783557
26084285
26084285
26084285
34267821
34267821
34267821
64697431
64697431
64697431
66236707
66236707
66236707
