#main 
11895663
84401954
84401954
84401954
58916810
58916810
58916810
22912101
22912101
22912101
85523502
85523502
85523502
102380
102380
102380
48770333
49238328
49238328
49238328
64049762
64049762
64049762
433377
433377
37654623
37654623
37654623
25789292
25789292
25789292
5318639
5318639
5318639
59921227
59921227
23526128
42091632
42091632
42091632
#extra 
50091196
29071332
3429238
46195773
60800381
60800381
60800381
18013090
59771339
74860293
44508094
30983281
24696097
7841112
!side 
67750322
67750322
67750322
78783557
78783557
78783557
10000080
10000080
10000080
8267140
8267140
8267140
51706604
51706604
51706604
