#main 
86937530
86937530
86937530
19144622
55623480
40041559
40041559
57294268
57294268
57294268
86120751
86120751
875572
84288367
84288367
10673071
96228804
96228804
96228804
27204311
27204311
59438930
59438930
24508238
24508238
24508238
56725612
82119326
19326613
74063034
37432075
37432075
47679935
47679935
63926180
63926180
34041788
8267140
8267140
86319972
#extra 
33166263
11270236
75286621
97300502
70383419
43989315
49513164
80843006
37260677
66532962
4026187
78021082
27632520
74689476
46772449
!side 
78783557
78783557
78783557
67750322
67750322
63941210
93332803
28674152
29726552
36956512
99330325
99330325
99330325
53778229
65301952
