#main 
86937530
86937530
86937530
19144622
55623480
40041559
40041559
40041559
84288367
86120751
57294268
57294268
57294268
875572
96228804
96228804
96228804
84192580
84192580
84192580
59438930
59438930
59438930
67750322
67750322
67750322
56725612
56725612
82119326
19326613
74063034
37432075
63926180
63926180
63926180
34041788
21501961
8267140
8267140
86319972
#extra 
11270236
97300502
70383419
43989315
70383419
49513164
37260677
66532962
66532962
4026187
4026187
78021082
46772449
74689476
27632520
!side 
78783557
78783557
78783557
48770333
28674152
29726552
99330325
99330325
99330325
75364199
75364199
75364199
96004535
96004535
96004535
