#main 
85523502
85523502
85523502
22912101
22912101
22912101
58916810
58916810
58916810
11895663
84401954
84401954
84401954
76145933
76145933
2311090
75922381
48770333
67750322
67750322
59438930
59438930
59438930
37654623
37654623
37654623
64049762
64049762
64049762
433377
433377
49238328
49238328
5318639
5318639
43898403
59921227
59921227
59921227
23526128
#extra 
59531356
59531356
59531356
73580471
88033975
88033975
55863245
90726340
90726340
72167543
46772449
36776089
9486959
32453837
32453837
!side 
18738846
78783557
78783557
78783557
102380
102380
102380
67750322
34267821
34267821
34267821
1372887
1372887
43898403
43898403
