#main 
33302589
33302589
60700283
60700283
79210531
79210531
79210531
42822433
82913020
78358521
2273734
51831560
51831560
51831560
35622739
67972302
67972302
59438930
59438930
59438930
17266660
17266660
17266660
21074344
21074344
21074344
10125011
69678646
69678646
69678646
18205590
7477101
7477101
7477101
75493362
75493362
75493362
97045737
97045737
97045737
#extra 
2061963
86331741
45852939
16643334
46772449
58858807
58858807
32289031
56638325
9272381
6195332
26329679
38495396
41522092
2609443
!side 
34267821
61399402
43898403
8267140
8267140
8267140
82105704
82105704
82105704
96004535
96004535
96004535
29549364
29549364
29549364
