#main 
55461744
55461744
28954097
28954097
28954097
23076639
23076639
23076639
1035143
1035143
1035143
78077209
44694191
57294268
10673071
84288367
24088928
44001993
59438930
59438930
59438930
42141493
42141493
42141493
67750322
67750322
67750322
63136489
63136489
63136489
63926180
63926180
63926180
74063034
37432075
24094653
24094653
33599853
25224340
25224340
25224340
#extra 
11321089
1769875
69601012
69601012
33166263
11270236
70383419
43989315
46174776
9785661
28143384
60516416
80843006
69946549
43227
!side 
66540884
53765052
78783557
78783557
78783557
53129443
53129443
53129443
35480699
35480699
35480699
15866454
15866454
15866454
94423983
