#main 
44994712
44994712
44994712
44932065
18595008
61677004
62962630
62962630
68468459
68468459
25451383
25451383
25451383
95515789
45484331
28674152
24508238
24508238
74335036
44886582
89176044
89176044
89176044
44362883
29948294
82738008
36637374
36637374
36637374
48130397
6498706
6498706
6498706
35480699
35480699
35480699
8267140
8267140
8267140
44536921
#extra 
44146295
70534340
1906812
3410461
87746184
24915933
72272462
80843006
72578374
41763141
39915560
79864860
41209827
69946549
66309175
!side 
46565218
46565218
67750322
67750322
67750322
12923641
12923641
12923641
51706604
51706604
51706604
43898403
43898403
43898403
6763530
