#main 
86098176
39015
39015
39015
50604072
50604072
50604072
89392810
16509007
68468459
73819701
55273560
71821687
71821687
71821687
78275321
15341821
15341821
24508238
24508238
59438930
59438930
67750322
67750322
27204311
27204311
27204311
91002901
91002901
91002901
99243014
99243014
99243014
97474300
97474300
97474300
25789292
25789292
25789292
16435215
16435215
16435215
#extra 
44146295
76666602
1906812
50091196
15665977
88170262
78397661
24634594
84664085
30983281
44508094
13076804
5041348
21281085
79415624
!side 
36956512
36956512
36956512
78783557
78783557
78783557
43898403
43898403
43898403
7811875
7811875
7811875
27581098
27581098
27581098
