#main 
18321034
18321034
32759190
32759190
32759190
95365081
95365081
95365081
95132593
68144894
21637502
23076639
23076639
55461744
55461744
28954097
28954097
28954097
67750322
28674152
42141493
42141493
27204311
27204311
20415050
20415050
20415050
57809669
63136489
63136489
89558743
89558743
33017964
33017964
33017964
45986603
45986603
45986603
93294363
29792472
#extra 
67021206
67021206
31411835
31411835
94410955
1769875
11321089
38264974
69601012
69601012
43227
32467459
41209827
43355214
32302078
!side 
68144894
48770333
36956512
3717252
77723643
44394295
44394295
44394295
99330325
99330325
99330325
8267140
8267140
8267140
43932352
