#main 
86120751
86120751
86120751
57294268
57294268
57294268
10673071
10673071
84288367
84288367
84288367
97682931
97682931
97682931
73642296
73642296
73642296
59438930
59438930
59438930
52038441
52038441
52038441
47679935
47679935
47679935
74063034
74063034
37432075
37432075
63926180
63926180
63926180
96363153
96363153
8267140
8267140
8267140
54261514
54261514
#extra 
33166263
33166263
97300502
70383419
6772168
75286621
43989315
43989315
49513164
12307878
38423248
11270236
66532962
50954680
73580471
!side 
93332803
29726552
63941210
78783557
78783557
78783557
28674152
99330325
99330325
99330325
51706604
51706604
51706604
54261514
86319972
