#main 
86937530
86937530
86937530
55623480
19144622
19144622
40041559
40041559
40041559
51618973
51618973
87003671
87003671
87003671
19326613
875572
96228804
96228804
96228804
26674724
26674724
26674724
52846880
82119326
82119326
56725612
56725612
56725612
34041788
34041788
34041788
60439482
21501961
5318639
5318639
5318639
25789292
25789292
25789292
48130397
48130397
#extra 
78021082
78021082
4026187
4026187
84433295
37260677
66532962
41763141
80843006
54757758
46772449
581014
74689476
65301952
27632520
!side 
93332803
29726552
36956512
24508238
24508238
53129443
53129443
12923641
12923641
12923641
82105704
82105704
96474800
96474800
96474800
