#main 
59138498
59138498
59138498
22734799
96345184
96345184
96345184
50251045
50251045
50251045
23856331
23856331
17350692
3717252
24508238
24508238
59438930
67750322
65861210
65861210
1259915
1259915
1259915
38776201
38776201
38776201
7044562
7044562
7044562
69809989
8267140
8267140
8267140
25789292
25789292
25789292
50147815
15693423
15693423
15693423
#extra 
8491961
19369609
72971064
46895036
53334641
53334641
41522092
70636044
87676171
49032236
26096328
38354018
7894706
7894706
80843006
!side 
29726552
29726552
29726552
34267821
34267821
34267821
67750322
67750322
24508238
66236707
66236707
66236707
96004535
96004535
96004535
