#main 
72323266
72323266
72323266
58655504
58655504
58655504
68144894
68144894
21074344
21074344
21074344
17266660
17266660
17266660
43904702
16387555
16387555
16387555
16509007
16509007
16509007
89392810
89392810
89392810
17209452
61049315
21142671
21142671
21142671
97474300
97474300
97474300
14442329
14442329
78058681
78058681
99243014
99243014
99243014
40847034
#extra 
21281085
41069676
41069676
88170262
88170262
88170262
15665977
15665977
15665977
42781164
42781164
90465153
94641726
821049
4891376
!side 
34267821
34267821
34267821
55063751
55063751
55063751
54693926
54693926
54693926
5318639
5318639
5318639
18158393
18158393
18158393
