#main 
3422200
3422200
3422200
25865565
25865565
25865565
83443619
83443619
83443619
29838323
99471856
99471856
99471856
20050865
56049970
41516133
44954628
18616294
18616294
18616294
4334811
4334811
18494511
18494511
89392810
16509007
63941210
4909946
4909946
4909946
31552317
99243014
99243014
99243014
25789292
25789292
25789292
54261514
54261514
53829527
#extra 
10443957
58069384
77334267
61775475
86682165
80040886
40509732
33158448
37675907
15665977
88170262
13455674
47736165
47736165
76359406
!side 
24508238
24508238
24508238
99193444
99193444
99193444
37104630
71978434
71978434
43898403
43898403
43898403
18158393
18158393
18158393
