#main 
85523502
85523502
85523502
22912101
22912101
22912101
58916810
58916810
58916810
84401954
84401954
84401954
11895663
59438930
59438930
59438930
73355772
73355772
73355772
48770333
64049762
64049762
64049762
433377
37654623
37654623
37654623
5318639
5318639
5318639
49238328
49238328
21501961
21501961
25789292
25789292
59921227
59921227
23526128
82956214
#extra 
83656563
83656563
59531356
59531356
72444406
72444406
98506199
98506199
40673853
40673853
40673853
99267150
23995346
56532353
7894706
!side 
102380
102380
102380
66236707
66236707
8267140
8267140
8267140
51706604
51706604
29549364
29549364
14883228
14883228
14883228
