#main 
50251045
50251045
50251045
96345184
96345184
96345184
23856331
23856331
22734799
22734799
59138498
59138498
59138498
34230233
34230233
41406613
41406613
41406613
34968834
34968834
77895328
77895328
1259915
1259915
1259915
38776201
38776201
38776201
65861210
65861210
65861210
65956182
65956182
33017655
33017655
98696958
98696958
54261514
50147815
50147815
#extra 
7894706
7894706
39552584
70636044
92359409
56910167
38354018
73445448
64332231
3292267
64182380
30741334
93854893
23085002
62941499
!side 
10000080
10000080
48770333
48770333
102380
102380
43898403
43898403
43898403
29549364
29549364
54974237
35027493
35027493
79936051
