#main 
25451652
25451652
52840267
52840267
52840267
88234365
88234365
88234365
18168997
25339070
84031359
84031359
84031359
82773292
82773292
82773292
10426067
10426067
10426067
92807548
92807548
17266660
17266660
99941223
99941223
87112784
87112784
87112784
14517422
98829635
24299458
24299458
24299458
99599062
99599062
8267140
8267140
50501121
48152161
93023136
#extra 
4167084
4167084
4167084
10136446
10136446
10136446
41209827
69946549
42410161
62541668
94380860
30100551
30100551
51960178
51960178
!side 
28674152
28674152
28674152
17266660
21074344
21074344
94689635
94689635
24508238
24508238
24508238
8267140
54261514
54261514
87990236
