#main 
56863746
56863746
56863746
69815951
95209656
14959144
22435424
22435424
22435424
22420202
22420202
22420202
60037599
60037599
60037599
96026108
96026108
96026108
97148796
33543890
41386308
41386308
41386308
24508238
94187078
94187078
94187078
58793369
58793369
58793369
22398665
22398665
60600126
60600126
60600126
69162969
69162969
31834488
31834488
31834488
#extra 
1174075
90448279
72167543
72167543
27240101
27240101
33909817
33909817
48608796
48608796
56410769
56410769
8491961
72971064
65305468
!side 
102380
102380
102380
66236707
66236707
43898403
43898403
43898403
80101899
5431722
5431722
30748475
30748475
15800838
15800838
