#main 
59138498
59138498
59138498
96345184
96345184
96345184
50251045
50251045
50251045
23856331
22734799
41406613
41406613
41406613
34230233
15667446
17350692
19000848
84031359
24508238
59438930
59438930
27204311
27204311
27204311
65861210
65861210
1259915
1259915
1259915
38776201
38776201
38776201
98696958
98696958
71593652
7044562
7044562
7044562
25789292
25789292
50147815
#extra 
7894706
7894706
45409943
80843006
28143384
69946549
72971064
8491961
48608796
66547759
93854893
3814632
92359409
70636044
87676171
!side 
67750322
67750322
67750322
102380
102380
102380
8267140
8267140
8267140
69279219
69279219
69279219
66236707
66236707
66236707
