#main 
9674034
9674034
9674034
90241276
90241276
45663742
48452496
66431519
66431519
66431519
2526224
2526224
2526224
18621798
38910263
69000994
90681088
90681088
90681088
93170499
93170499
93170499
24508238
24508238
27204311
27204311
89023486
65305978
65305978
65305978
57554544
57554544
91703676
91703676
67523044
67523044
67523044
15693423
15693423
15693423
#extra 
58071334
17548456
17548456
17548456
52553102
52553102
52553102
8491961
72971064
64182380
64182380
1639384
93854893
26556950
62541668
!side 
93332803
93332803
93332803
67750322
67750322
24081957
51706604
51706604
51706604
5318639
5318639
5318639
53582587
53582587
53582587
