#main 
23076639
23076639
23076639
55461744
28954097
28954097
28954097
57294268
84288367
84288367
84288367
10673071
68144894
44694191
46955132
46955132
46955132
93018428
67750322
67750322
67750322
42141493
84192580
59438930
59438930
59438930
63136489
63136489
63136489
63926180
63926180
63926180
37432075
37432075
25224340
25224340
25224340
25789292
25789292
25789292
35480699
35480699
#extra 
69601012
38264974
1769875
33166263
33166263
43989315
70383419
11270236
79561872
30138615
32467459
60516416
46174776
80843006
66532962
!side 
53765052
97940434
78783557
78783557
78783557
3717252
44394295
44394295
44394295
58570206
58570206
58570206
51706604
51706604
51706604
