#main 
3422200
3422200
3422200
25865565
25865565
25865565
29838323
83443619
99471856
99471856
56049970
41516133
41516133
41516133
5121528
5121528
5121528
18616294
18616294
18616294
54577949
31552317
4909946
4909946
4909946
17782288
17782288
17782288
53129443
53129443
53129443
25789292
25789292
54261514
54261514
43898403
43898403
12923641
12923641
53829527
54171327
#extra 
58071334
10443957
58069384
94641726
69191257
37675907
42410161
28904860
55393975
55393975
81797573
81797573
13455674
47736165
47736165
!side 
83443619
20050865
63941210
63941210
63941210
10000080
10000080
10000080
43898403
12923641
7811875
7811875
7811875
18158393
18158393
