#main 
95365081
95365081
95365081
32759190
32759190
32759190
18321034
18321034
18321034
68144894
68144894
21637502
95132593
23076639
23076639
23076639
55461744
55461744
28954097
28954097
28954097
58143852
58143852
28674152
28674152
28674152
42141493
42141493
42141493
24508238
24508238
24508238
57809669
20415050
20415050
20415050
63136489
63136489
63136489
25224340
25224340
93294363
29792472
#extra 
67021206
67021206
67021206
31411835
31411835
94410955
69601012
69601012
38264974
1769875
1769875
11321089
43227
43227
9785661
!side 
12580477
12580477
12580477
5318639
5318639
5318639
37520316
37520316
37520316
25789292
25789292
25789292
36975314
36975314
36975314
