#main 
51831560
51831560
51831560
35622739
1050186
33302589
33302589
78358521
2273734
42822433
82913020
60700283
60700283
79210531
79210531
67972302
67972302
59438930
59438930
59438930
21074344
21074344
21074344
17266660
17266660
17266660
40177746
67750322
67750322
67750322
69678646
69678646
69678646
10125011
10125011
18205590
65236257
24220368
75493362
75493362
75493362
#extra 
66532962
6195332
38495396
9272381
73964868
45852939
56638325
58858807
58858807
32289031
61399402
86331741
46772449
16643334
41522092
!side 
78783557
78783557
78783557
34267821
34267821
34267821
26084285
26084285
26084285
8267140
8267140
8267140
69279219
69279219
69279219
