#main 
96345184
96345184
96345184
50251045
50251045
50251045
23856331
23856331
22734799
22734799
59138498
59138498
59138498
32484853
32484853
32484853
17350692
24508238
24508238
65861210
65861210
38776201
38776201
38776201
1259915
1259915
1259915
7044562
7044562
7044562
54261514
54261514
54261514
25789292
25789292
25789292
8267140
8267140
8267140
50147815
#extra 
80843006
79864860
7894706
7894706
95506252
95506252
26096328
49032236
21858819
70636044
87676171
56410769
72971064
19369609
8491961
!side 
48770333
28674152
29726552
99330325
99330325
99330325
58570206
58570206
58570206
12923641
12923641
12923641
41420027
41420027
41420027
