#main 
50251045
50251045
50251045
96345184
96345184
96345184
23856331
22734799
59138498
59138498
59138498
17350692
67750322
67750322
67750322
52038441
59438930
59438930
24508238
24508238
24508238
65861210
65861210
38776201
38776201
38776201
1259915
1259915
1259915
80312545
80312545
80312545
17782288
17782288
17782288
58570206
58570206
58570206
50147815
54171327
54171327
54171327
#extra 
7894706
7894706
58071334
69946549
80843006
79415624
67508932
67508932
42410161
28904860
81797573
26096328
92359409
56910167
70636044
!side 
10000080
10000080
10000080
34267821
34267821
34267821
8267140
8267140
8267140
12923641
12923641
96474800
96474800
34694160
34694160
