#main 
82159583
82159583
82159583
42759961
42759961
42759961
95492061
95492061
95492061
63542003
99937011
17266660
17266660
17266660
21074344
21074344
21074344
40177746
40177746
40177746
10000080
10000080
10000080
20448151
20448151
20448151
83232904
57847269
96729612
96729612
96729612
17782288
17782288
17782288
70058649
70058649
6547248
54171327
54171327
54171327
#extra 
53589300
31533473
31533473
20145685
91237821
91237821
91237821
93172951
93172951
42410161
28904860
28904860
55393975
81797573
81797573
!side 
70095046
70095046
34267821
34267821
34267821
94689635
94689635
43898403
43898403
43898403
7811875
7811875
7811875
34694160
34694160
