#main 
58916810
58916810
58916810
11895663
84401954
84401954
84401954
22912101
22912101
22912101
85523502
85523502
85523502
18738846
48770333
102380
102380
102380
49238328
49238328
35726888
35726888
5318639
5318639
5318639
25789292
25789292
37654623
37654623
37654623
64049762
64049762
64049762
433377
433377
433377
59921227
59921227
59921227
23526128
#extra 
59531356
83656563
83656563
81196066
81196066
81196066
48608796
8491961
72971064
40673853
40673853
40673853
57707471
57707471
57707471
!side 
10000080
10000080
78783557
78783557
78783557
66236707
66236707
66236707
51706604
51706604
51706604
27581098
27581098
34694160
34694160
