#main 
82773292
82773292
82773292
10426067
10426067
10426067
84031359
84031359
84031359
11260714
88234365
52840267
52840267
52840267
25451652
25451652
17266660
17266660
17266660
21074344
21074344
21074344
84192580
84192580
84192580
87112784
87112784
87112784
14517422
99941223
99941223
24299458
25661743
67724434
67724434
44886582
44886582
44886582
93023136
48152161
#extra 
10136446
10136446
10136446
4167084
4167084
4167084
3544583
3544583
3544583
7894706
5914858
67508932
67508932
95506252
51960178
!side 
35405755
35405755
35405755
58655504
58655504
58655504
94689635
58570206
58570206
58570206
43898403
43898403
25789292
27243130
50501121
