#main 
44001993
70405001
23076639
23076639
23076639
55461744
55461744
97462632
97462632
97462632
24088928
24088928
28954097
28954097
28954097
68144894
68144894
68144894
44694191
87462901
67750322
67750322
67750322
46565218
46565218
46565218
63136489
63136489
63136489
33599853
25789292
25789292
25789292
89558743
89558743
89558743
78063197
78063197
78063197
24749710
#extra 
38264974
69601012
69601012
1769875
1769875
11321089
69946549
46174776
28143384
43227
54757758
9785661
45445571
87758525
30138615
!side 
58655504
58655504
58655504
97940434
97940434
97940434
65403020
53765052
64697431
64697431
64697431
69279219
69279219
78474168
78474168
