#main 
11868731
11868731
11868731
77848740
77848740
77848740
34680482
34680482
34680482
52404456
91350799
91350799
9350312
9350312
9238125
9238125
9238125
81519836
81519836
81519836
14558127
59438930
59438930
59438930
97268402
97268402
97268402
67750322
67750322
67750322
17266660
17266660
17266660
21074344
21074344
14001430
97045737
97045737
97045737
68159562
#extra 
92517928
64626565
67630394
6983839
46772449
44241999
44311445
44311445
49689480
49689480
20343502
20343502
37164373
37164373
37164373
!side 
10000080
10000080
10000080
29726552
29726552
29726552
8267140
5318639
5318639
64697431
64697431
64697431
96004535
96004535
96004535
