#main 
81260679
6327734
6327734
6327734
18377261
18377261
18377261
54862960
11161666
63941210
102380
102380
43527730
43527730
79912449
80044027
80044027
16433136
57736667
84550369
44649322
44649322
52105192
52105192
52105192
96729612
96729612
19578592
19578592
41927278
40678060
5318639
5318639
5318639
43898403
42705243
53174748
78199891
53582587
44095762
#extra 
57566760
1426714
47805931
47506081
59479050
62709239
75367227
85252081
78156759
!side 
102380
77585513
77585513
67750322
67750322
67750322
43898403
43898403
