#main 
19434243
19434243
19434243
25784595
25784595
25784595
62991792
62991792
62991792
56838842
19299793
83445539
98396890
98396890
98396890
34761841
77360173
84192580
84192580
84192580
73642296
73642296
24508238
24508238
24508238
98173209
98173209
98173209
99398682
23008320
23008320
23008320
12580477
53129443
53129443
12923641
12923641
12923641
17269895
5376159
#extra 
30698243
99585850
97489701
97489701
94641726
94641726
36857073
9753964
67809530
87451661
70902743
70902743
87837090
66141736
66141736
!side 
56838842
67750322
67750322
67750322
8267140
8267140
8267140
43898403
50056656
20899496
20899496
20899496
7811875
7811875
7811875
