#main 
86937530
86937530
86937530
19144622
55623480
40041559
26674724
26674724
26674724
51618973
87003671
87003671
96228804
96228804
96228804
36099130
875572
42141493
42141493
42141493
59438930
59438930
59438930
67750322
67750322
67750322
73664385
73664385
73664385
56725612
56725612
82119326
19326613
34041788
46411259
46411259
46411259
25789292
25789292
25789292
#extra 
84433295
80843006
35877582
37260677
4026187
4026187
78021082
78021082
8660395
82633039
6983839
46772449
74689476
65301952
27632520
!side 
46565218
46565218
46565218
78783557
78783557
26084285
26084285
26084285
24508238
24508238
34041788
53778229
8267140
8267140
8267140
