#main 
91438674
91438674
91438674
21050476
83566725
83566725
83566725
81275020
81275020
81275020
53932291
67750322
67750322
67750322
102380
102380
102380
59438930
59438930
59438930
2674965
30964246
30964246
30964246
73046708
35480699
35480699
35480699
95561146
95561146
85888377
85888377
85888377
85257384
39733924
38379052
38379052
65889305
65889305
91284003
#extra 
40706444
40706444
40706444
20145685
94151981
67630394
1269512
84013237
56832966
4423206
46772449
55285840
95992081
71068247
97800311
!side 
43898403
43898403
64697431
64697431
53129443
53129443
53129443
15800838
15800838
15800838
9995766
9995766
9995766
96004535
96004535
