#main 
22912101
22912101
22912101
85523502
85523502
85523502
58916810
58916810
58916810
11895663
11895663
11895663
84401954
84401954
84401954
59438930
59438930
59438930
91800273
91800273
67750322
67750322
67750322
37654623
37654623
37654623
64049762
64049762
64049762
433377
433377
433377
21501961
21501961
19230408
19230408
8267140
8267140
59921227
59921227
23526128
#extra 
59531356
59531356
59531356
83656563
53539634
98506199
72444406
72444406
73580471
50793215
64626565
76213610
6983839
40673853
40673853
!side 
78783557
78783557
78783557
102380
102380
102380
43898403
43898403
65703851
65703851
65703851
77538567
77538567
34694160
34694160
