#main 
51934376
44335251
44335251
44335251
18940556
5852388
50834074
36042004
36042004
82946847
29927283
2618725
2618725
2618725
56034579
56034579
56034579
93170499
93170499
93170499
20568404
43332022
80727721
38572779
82385847
82385847
93332803
45223540
45223540
45223540
67523044
67523044
89948817
38984832
18795635
24094653
21501961
21501961
89558743
89558743
#extra 
52553102
52553102
52553102
17548456
17548456
17548456
34149150
75191028
56311997
82706696
1595137
86239173
35103106
74294676
42752141
!side 
63941210
29726552
99330325
8267140
8267140
8267140
64697431
64697431
69279219
69279219
69279219
12923641
12923641
12923641
5479217
