#main 
59138498
59138498
59138498
22734799
23856331
96345184
96345184
96345184
50251045
50251045
50251045
19000848
66540884
81035362
44001993
24088928
44694191
59438930
59438930
102380
102380
33599853
65861210
65861210
1259915
1259915
1259915
38776201
38776201
38776201
71593652
25224340
25224340
82997779
82997779
82997779
7044562
7044562
7044562
8267140
8267140
50147815
5168381
#extra 
7894706
7894706
32467459
45409943
28143384
66532962
61775475
33909817
92661479
71100270
93854893
70636044
26096328
101303084
87676171
!side 
78783557
78783557
78783557
10000080
10000080
10000080
102380
3717252
8267140
44394295
44394295
44394295
29549364
29549364
29549364
