#main 
55461744
28954097
28954097
28954097
23076639
23076639
23076639
21637502
95132593
68144894
68144894
18321034
18321034
18321034
32759190
32759190
32759190
95365081
95365081
95365081
58143852
67750322
67750322
42141493
42141493
42141493
27204311
27204311
27204311
57809669
20415050
20415050
20415050
63136489
63136489
63136489
89558743
89558743
89558743
93294363
29792472
#extra 
31411835
67021206
67021206
67021206
94410955
94410955
1769875
1769875
69601012
69601012
38264974
11321089
43227
69946549
32302078
!side 
24508238
67750322
55063751
55063751
55063751
33017964
33017964
81674782
81674782
81674782
43898403
43898403
66236707
66236707
41420027
