#main 
42759961
42759961
42759961
82159583
82159583
82159583
53765052
91800273
91800273
91800273
21208154
21208154
21208154
98045062
98045062
98045062
15735108
15735108
15735108
57847269
20448151
20448151
20448151
83232904
83232904
54261514
54261514
96729612
96729612
96729612
81674782
81674782
81674782
26334139
26334139
26334139
70058649
70058649
6547248
6547248
#extra 
31533473
31533473
31533473
93172951
93172951
93172951
91237821
91237821
91237821
64626565
64626565
64626565
44405066
44405066
44405066
!side 
10000080
10000080
10000080
1372887
1372887
1372887
14883228
14883228
14883228
7811875
7811875
7811875
96004535
96004535
96004535
