#main 
82159583
82159583
82159583
42759961
42759961
42759961
53765052
53765052
68144894
68144894
68144894
27204311
27204311
27204311
20448151
20448151
20448151
83232904
83232904
57847269
54261514
54261514
54261514
98045062
98045062
98045062
96729612
96729612
15735108
15735108
26334139
26334139
26334139
70058649
70058649
70058649
6547248
6547248
6325660
6325660
#extra 
31533473
31533473
31533473
93172951
93172951
93172951
91237821
91237821
91237821
67021206
90555947
15665977
70902743
69840739
95626382
!side 
21208154
21208154
21208154
33017964
33017964
33017964
64664373
64664373
64664373
43898403
43898403
43898403
7811875
7811875
7811875
