#main 
10426067
10426067
10426067
84031359
84031359
84031359
25339070
82773292
82773292
82773292
52840267
52840267
52840267
25451652
25451652
14558127
14558127
14558127
17266660
17266660
17266660
21074344
21074344
21074344
99941223
99941223
14517422
87112784
87112784
87112784
24299458
98829635
67724434
67724434
54261514
54261514
33017964
71593652
50501121
48152161
#extra 
45409943
95463814
10136446
10136446
10136446
4167084
4167084
4167084
67508932
67508932
67508932
51960178
83656563
72444406
40673853
!side 
94689635
94689635
94689635
46565218
93332803
5318639
5318639
2263869
2263869
58570206
58570206
58570206
43898403
43898403
43898403
