#main 
40044918
40044918
40044918
50720316
59392529
30875635
30875635
30875635
13256226
13256226
89943723
17955766
80344569
43237273
10808715
10808715
58288218
58288218
42141493
42141493
42141493
21143940
84536654
84536654
10186633
80170678
80170678
80170678
16169772
16169772
213326
213326
213326
8949584
8949584
8949584
45906428
24094653
24094653
75047173
#extra 
40854197
93347961
19222426
22908820
32828466
40080312
90050480
23204029
23204029
22093873
59642500
59642500
85672957
50608164
29095552
!side 
84192580
84192580
84192580
29726552
29726552
29726552
33017964
33017964
33017964
24299458
24299458
24299458
35480699
35480699
35480699
