#main 
20568404
20568404
20568404
93170499
93170499
93170499
80727721
80727721
85028288
29927283
2618725
20049870
56034579
56034579
56034579
44335251
44335251
44335251
38572779
82385847
93332803
18940556
52038441
42141493
42141493
42141493
67750322
67750322
67750322
33017964
33017964
33017964
38984832
18795635
18795635
89558743
89558743
89558743
89948817
89948817
5479217
#extra 
74294676
42752141
52553102
52553102
52553102
17548456
17548456
17548456
65961683
50091196
34149150
1595137
82706696
56311997
75191028
!side 
101304091
20049870
101304090
80280944
55063751
55063751
89948817
8267140
8267140
64697431
64697431
64697431
7811875
7811875
7811875
