#main 
89392810
89392810
89392810
16509007
16509007
16387555
21142671
13597785
13597785
13597785
59581480
59581480
59581480
85976588
12375297
59438930
59438930
59438930
73642296
73642296
97268402
97268402
61049315
14442329
14442329
14442329
78058681
78058681
64491754
64491754
99243014
99243014
99243014
97474300
97474300
33017964
33017964
33017964
24092792
18158393
#extra 
42781164
42781164
15665977
15665977
88170262
41069676
42302563
821049
25862681
73580471
33698022
4891376
44508094
30983281
50954680
!side 
55063751
55063751
55063751
5318639
5318639
5318639
35480699
35480699
35480699
29549364
29549364
29549364
27581098
27581098
27581098
