#main 
89392810
89392810
89392810
16509007
16509007
16509007
16387555
43904702
17209452
21142671
21142671
21142671
72323266
72323266
72323266
61049315
14391625
59438930
59438930
59438930
97268402
97268402
97268402
17266660
17266660
17266660
21074344
21074344
21074344
99937011
99937011
99243014
99243014
99243014
78058681
14442329
14442329
97474300
97474300
18158393
#extra 
42781164
42781164
42781164
88170262
88170262
15665977
15665977
41069676
41069676
41924516
821049
44508094
30983281
84664085
21281085
!side 
34267821
34267821
34267821
55063751
55063751
55063751
33423043
33423043
33423043
5318639
5318639
5318639
33017964
33017964
33017964
