#main 
81522098
81522098
81522098
50415441
50415441
43066927
82933935
82933935
80551022
55537983
10182251
97949165
97949165
34550857
34550857
60954556
84824728
84824728
84824728
94145021
94145021
27204311
27204311
86809440
86809440
86809440
13204145
13204145
13204145
51405049
51405049
35269904
33017964
83589191
83589191
83589191
45951104
45951104
45951104
93775296
97045737
59293853
#extra 
8491961
8491961
48608796
19369609
72971064
16955631
42940335
41522092
41522092
56410769
95442074
72167543
1269512
9567495
90448279
!side 
23920796
35405755
1372887
1372887
1372887
33017964
33017964
64697431
64697431
91880660
91880660
61650133
61650133
96474800
96474800
