#main 
81650695
28877382
54265980
54265980
54265980
92472273
92472273
30875635
30875635
30875635
89312388
17955766
97556336
43017476
43017476
43017476
44839512
44839512
44839512
52566270
86289475
51826619
81096431
55697723
55697723
55697723
45710945
10604644
24508238
24508238
54693926
54693926
54693926
35480699
35480699
35480699
33017964
33017964
33017964
70828912
65514302
65514302
65514302
28653611
28653611
10186633
8949584
8949584
8949584
23153227
7477101
7477101
7477101
32442017
38007649
38007649
38007649
68831625
84054556
80320877
#extra 
27184601
46772449
85747929
86331741
45852939
94380860
31010081
31010081
65848113
95626382
48285768
11132674
65305468
26973555
41522092
!side 
91479482
102380
102380
21861412
46804536
95626382
75652080
75652080
75652080
43898403
43898403
43898403
43150717
96004535
8038143
