#main 
55537983
81522098
81522098
81522098
50415441
50415441
50415441
43066927
43066927
43066927
82933935
82933935
82933935
80551022
11677278
23920796
84824728
84824728
84824728
24508238
91800273
91800273
91800273
86809440
86809440
86809440
13204145
13204145
13204145
35269904
35269904
45951104
45951104
45951104
35480699
35480699
35480699
59293853
59293853
31849106
#extra 
41522092
90448279
9567495
72167543
8491961
19369609
72971064
48608796
56410769
56410769
42940335
42940335
16955631
16955631
16955631
!side 
55063751
55063751
55063751
8267140
8267140
8267140
12923641
12923641
12923641
81674782
81674782
81674782
61650133
61650133
61650133
