#main 
96570609
96570609
96570609
23064604
23064604
23064604
31596518
31596518
31596518
9748752
51945556
69230391
59463312
59463312
95457011
95457011
95457011
67584223
67584223
67584223
7166709
55144522
15735108
15735108
15735108
79844764
79844764
33609262
33609262
33609262
22842126
22842126
22842126
9283801
9283801
9283801
63899196
63899196
63899196
84171830
54241725
#extra 
!side 
55063751
55063751
55063751
4929256
73125233
5795980
5318639
8267140
8267140
33017964
33017964
33017964
54693926
54693926
54693926
