#main 
60411677
60411677
60411677
97522863
97522863
97522863
34926568
91800273
91800273
91800273
29762407
69299029
69299029
69299029
8267140
8267140
66236707
66236707
66236707
59576447
28649820
85888377
85888377
85888377
95561146
95561146
95561146
97045737
97045737
97045737
42091632
42091632
42091632
58053438
58053438
63086455
63086455
11429811
11429811
11429811
#extra 
97800311
97800311
97800311
83656563
83656563
59531356
59531356
98506199
46772449
37926346
6983839
55285840
40673853
45935145
38495396
!side 
55063751
55063751
55063751
9822220
9822220
2263869
2263869
2263869
81674782
81674782
81674782
27581098
27581098
27581098
59576447
