#main 
27755794
27755794
27755794
80538047
80538047
80538047
54143349
16922142
16922142
16922142
85315450
85315450
53927851
34242278
34242278
59438930
59438930
59438930
98045062
98045062
94103142
94103142
94103142
25940932
25940932
25940932
67115133
20508881
20508881
20508881
5318639
5318639
5318639
54261514
54261514
54261514
53813120
97045737
97045737
97045737
#extra 
55990317
601193
83531441
83531441
95992081
71068247
62709239
80993256
46772449
63746411
82633039
45935145
75083197
74615388
2665273
!side 
36956512
36956512
36956512
102380
102380
102380
33017964
33017964
81674782
81674782
81674782
3259760
1372887
1372887
1372887
