#main 
54143349
80538047
80538047
80538047
27755794
27755794
27755794
16922142
16922142
16922142
34242278
34242278
53927851
85315450
85315450
59438930
59438930
59438930
98045062
98045062
20508881
20508881
20508881
94103142
94103142
94103142
25940932
25940932
25940932
67115133
5318639
5318639
5318639
54261514
54261514
54261514
53813120
97045737
97045737
97045737
#extra 
83531441
95992081
71068247
62709239
62709239
80993256
82633039
40673853
38495396
75083197
2665273
74615388
72444406
27548199
82135803
!side 
36956512
36956512
36956512
102380
102380
102380
33017964
33017964
33017964
81674782
81674782
81674782
1372887
1372887
1372887
