#main 
62991792
62991792
62991792
98396890
98396890
83445539
34761841
77360173
19299793
56838842
19434243
19434243
19434243
25784595
25784595
25784595
72323266
72323266
98806751
55878038
67750322
67750322
67750322
42141493
42141493
42141493
98173209
98173209
98173209
99398682
23008320
23008320
35480699
35480699
35480699
8267140
8267140
50056656
5376159
17269895
#extra 
87837090
4891376
27572350
94641726
66141736
66141736
3294539
67809530
87451661
70902743
70902743
9753964
97489701
99585850
30698243
!side 
63941210
63941210
48770333
24508238
24508238
24508238
34267821
34267821
34267821
33017964
33017964
33017964
43898403
43898403
43898403
