#main 
62991792
62991792
62991792
98396890
98396890
83445539
83445539
34761841
77360173
19299793
56838842
19434243
19434243
19434243
25784595
25784595
25784595
67750322
67750322
67750322
55878038
98806751
98173209
98173209
98173209
23008320
23008320
23008320
99398682
54693926
54693926
54693926
24299458
24299458
24299458
35480699
35480699
35480699
5376159
17269895
#extra 
87837090
27572350
94641726
66141736
66141736
3294539
80666118
67809530
87451661
70902743
70902743
9753964
36857073
99585850
30698243
!side 
33017964
33017964
33017964
64697431
64697431
64697431
5318639
5318639
5318639
43898403
43898403
51706604
51706604
51706604
50056656
