#main 
62991792
62991792
62991792
98396890
98396890
83445539
83445539
13764881
34761841
77360173
19299793
56838842
19434243
19434243
19434243
25784595
25784595
25784595
55878038
42141493
42141493
42141493
67750322
67750322
67750322
27204311
27204311
27204311
8267140
8267140
8267140
98173209
98173209
98173209
99398682
23008320
23008320
23008320
50056656
17269895
#extra 
87837090
61775475
27572350
94641726
66141736
66141736
3294539
67809530
87451661
70902743
70902743
80666118
9753964
36857073
99585850
!side 
34267821
34267821
55063751
55063751
55063751
33017964
33017964
33017964
51706604
51706604
43898403
43898403
7811875
7811875
7811875
