#main 
25801745
25801745
25801745
51296484
51296484
51296484
4810828
10774240
10774240
95718355
95718355
59323650
22938501
96540807
22812963
73355772
73355772
73355772
58769832
58769832
58769832
102380
27204311
27204311
33017964
33017964
33017964
39114494
98477480
52472775
52472775
14386013
14386013
14386013
67171933
67171933
67171933
31786838
27781371
86310763
82956214
#extra 
83656563
59531356
6182103
80073414
99267150
72444406
40673853
40673853
22110647
80117527
78144171
93854893
93854893
64182380
64182380
!side 
34267821
34267821
34267821
29726552
29726552
102380
5318639
5318639
5318639
42314669
42314669
42314669
27581098
27581098
27581098
