#main 
19434243
19434243
19434243
62991792
62991792
62991792
34761841
98396890
83445539
40975574
77360173
25784595
25784595
25784595
56838842
19299793
72323266
72323266
67750322
67750322
28674152
28674152
97940434
97940434
23008320
23008320
23008320
98173209
98173209
98173209
99398682
28958464
5318639
43898403
43898403
94016752
40605147
54974237
35027493
17269895
#extra 
67809530
70902743
70902743
9753964
36857073
80666118
80666118
87451661
99585850
66141736
66141736
27572350
94641726
5041348
87837090
!side 
10000080
10000080
10000080
34267821
34267821
18144507
43898403
5318639
5318639
64697431
64697431
64697431
54693926
15693423
41420027
