#main 
22912101
22912101
22912101
85523502
85523502
85523502
84401954
84401954
84401954
11895663
11895663
58916810
58916810
58916810
102380
102380
102380
59438930
59438930
59438930
37654623
37654623
37654623
64049762
64049762
64049762
433377
433377
433377
2263869
2263869
21501961
21501961
75652080
75652080
49238328
49238328
59921227
59921227
23526128
#extra 
27548199
73580471
89604813
48891960
42302563
72444406
63746411
59242457
46772449
55285840
26096328
93854893
6983839
42160203
4026187
!side 
78783557
78783557
78783557
62015408
62015408
62015408
53129443
43898403
43898403
94016752
94016752
94016752
64664373
64664373
64664373
