#main 
5121528
5121528
5121528
41516133
41516133
41516133
18616294
18616294
18616294
54577949
25865565
25865565
3422200
3422200
3422200
99471856
99471856
99471856
83443619
29838323
56049970
98476659
98476659
98476659
54693926
54693926
54693926
25789292
25789292
31552317
12923641
12923641
4909946
4909946
4909946
17782288
17782288
17782288
54171327
53829527
#extra 
39964797
76359406
47736165
47736165
2743001
13455674
69191257
15982593
81797573
81797573
28904860
55393975
55393975
42410161
42410161
!side 
20050865
5758500
5758500
25789292
12923641
54261514
54261514
54261514
43898403
43898403
43898403
7811875
7811875
7811875
6540606
