#main 
84401954
84401954
84401954
58916810
58916810
58916810
22912101
22912101
22912101
85523502
85523502
85523502
11895663
66722103
66722103
59438930
59438930
59438930
49238328
49238328
37654623
37654623
37654623
64049762
64049762
64049762
433377
25789292
25789292
25789292
21501961
21501961
59921227
59921227
23526128
97045737
97045737
42091632
42091632
42091632
#extra 
59531356
3410461
81196066
98506199
72444406
5914858
82633039
61399402
61399402
40673853
40673853
40673853
84013237
56840427
56832966
!side 
48770333
78783557
78783557
24508238
24508238
24508238
2263869
2263869
2263869
5318639
5318639
5318639
9070454
9070454
9070454
