#main 
85523502
85523502
85523502
22912101
22912101
22912101
11895663
84401954
84401954
84401954
58916810
58916810
58916810
48770333
64049762
64049762
64049762
37654623
37654623
37654623
433377
35726888
35726888
21501961
21501961
51869363
51869363
25789292
25789292
25789292
2372506
2372506
23526128
59921227
59921227
42091632
42091632
42091632
97045737
97045737
#extra 
7894706
85065943
85065943
85065943
59531356
83656563
83656563
72444406
72444406
98506199
98506199
30741334
93854893
40673853
40673853
!side 
40672993
102380
102380
102380
2263869
2263869
2263869
5318639
5318639
5318639
53129443
53129443
58570206
58570206
58570206
