#main 
58916810
58916810
58916810
22912101
22912101
22912101
84401954
84401954
84401954
11895663
11895663
85523502
85523502
85523502
35629124
42141493
42141493
42141493
37654623
37654623
37654623
64049762
64049762
64049762
49238328
49238328
49238328
89558743
89558743
89558743
43898403
43898403
43898403
25789292
25789292
25789292
21501961
21501961
59921227
59921227
23526128
#extra 
88643579
41524885
46772449
54191698
9486959
2061963
40673853
72444406
89851827
96334243
6983839
61399402
98506199
82633039
93854893
!side 
72162751
72162751
72162751
66722103
66722103
66722103
24508238
24508238
24508238
69162969
69162969
69162969
66236707
66236707
66236707
