#main 
85523502
85523502
85523502
22912101
22912101
22912101
58916810
84401954
84401954
84401954
11895663
71564252
84192580
84192580
84192580
67750322
67750322
24508238
433377
433377
64049762
64049762
64049762
37654623
37654623
37654623
21501961
21501961
21501961
19230408
5318639
5318639
5318639
23526128
59921227
59921227
59921227
42091632
42091632
42091632
#extra 
8852158
96334243
54757758
37279508
42589641
6983839
46772449
46772449
16643334
95911373
61272280
61272280
44508094
44508094
44508094
!side 
76145933
2311090
1980574
1980574
1980574
102380
102380
39238953
39238953
39238953
66236707
66236707
15693423
15693423
15693423
