#main 
22912101
22912101
22912101
58916810
58916810
58916810
84401954
84401954
84401954
11895663
85523502
85523502
85523502
48770333
59438930
59438930
59438930
42141493
42141493
42141493
24508238
24508238
28674152
63941210
7477101
7477101
7477101
37654623
37654623
37654623
433377
64049762
64049762
64049762
49238328
49238328
43898403
43898403
23526128
23526128
#extra 
63746411
63746411
40673853
46772449
70117791
3410461
3410461
3410461
87460579
6983839
72444406
79561872
79561872
5833929
5833929
!side 
102380
102380
102380
29726552
28674152
67750322
67750322
2263869
2263869
2263869
43898403
98045062
23526128
82956214
82956214
