#main 
85523502
85523502
85523502
22912101
22912101
22912101
11895663
84401954
84401954
84401954
58916810
58916810
58916810
71564252
84192580
84192580
24508238
24508238
24508238
433377
433377
433377
64049762
64049762
64049762
37654623
37654623
37654623
49238328
49238328
21501961
21501961
21501961
5318639
5318639
5318639
23526128
59921227
59921227
59921227
#extra 
61272280
44508094
44508094
44508094
98506199
41069676
88170262
88170262
67098897
93192592
40673853
45852939
61399402
46772449
41375811
!side 
48770333
40672993
78783557
102380
102380
102380
1980574
1980574
1980574
39238953
39238953
39238953
12923641
12923641
34694160
