#main 
82913020
33302589
33302589
33302589
78358521
2273734
60700283
60700283
60700283
42822433
79210531
40044918
40044918
40044918
30875635
66206748
10808715
50720316
17955766
55697723
55697723
55697723
81096431
69852487
45710945
67750322
67750322
67750322
10125011
18205590
69678646
69678646
69678646
7477101
7477101
7477101
23153227
23153227
23153227
8949584
8949584
8949584
213326
213326
213326
10186633
35480699
35480699
35480699
54261514
54261514
54261514
25789292
25789292
25789292
98045062
98045062
98045062
21501961
96004535
#extra 
38495396
6195332
56638325
58858807
58858807
32289031
85747929
2609443
45852939
86331741
41522092
46772449
94380860
16643334
49678559
!side 
34267821
34267821
34267821
46565218
43898403
43898403
43898403
12923641
12923641
12923641
41510920
41510920
41510920
8038143
6983839
