#main 
82913020
78358521
33302589
33302589
60700283
60700283
2273734
42822433
79210531
40044918
40044918
40044918
30875635
66206748
10808715
27780618
50720316
17955766
55697723
55697723
55697723
81096431
69852487
45710945
10125011
18205590
69678646
69678646
69678646
7477101
7477101
7477101
23153227
23153227
23153227
8949584
8949584
8949584
213326
213326
213326
10186633
54261514
54261514
54261514
98045062
98045062
98045062
25789292
25789292
25789292
21501961
21501961
53129443
53129443
53129443
83764718
28958464
28958464
96004535
#extra 
58858807
58858807
32289031
38495396
6195332
45852939
85747929
16643334
86331741
41522092
2609443
61399402
46772449
59627393
94380860
!side 
80237445
34267821
34267821
34267821
78783557
78783557
78783557
67173574
29510428
19613556
19613556
19613556
29549364
29549364
29549364
