#main 
57294268
57294268
57294268
84288367
84288367
84288367
10673071
86937530
86937530
86937530
19144622
19144622
96228804
96228804
96228804
40041559
42141493
42141493
42141493
73642296
73642296
73642296
37432075
37432075
63926180
63926180
63926180
56725612
56725612
56725612
19326613
82119326
34041788
25789292
25789292
25789292
48130397
21501961
21501961
86319972
#extra 
75286621
43989315
70383419
70383419
11270236
11270236
33166263
4026187
4026187
78021082
27632520
80843006
66532962
65301952
46772449
!side 
36956512
29726552
29726552
34267821
34267821
34267821
53129443
53129443
53129443
43898403
43898403
43898403
96004535
96004535
96004535
