#main 
86937530
86937530
86937530
19144622
19144622
19144622
52022648
40041559
40041559
87003671
87003671
51618973
26674724
26674724
26674724
52846880
96228804
96228804
96228804
875572
42141493
42141493
42141493
84192580
97268402
97268402
24508238
54693926
54693926
54693926
48130397
48130397
48130397
34041788
56725612
56725612
56725612
82119326
82119326
19326613
#extra 
27632520
27632520
74689476
46772449
4026187
4026187
78021082
78021082
54757758
11765832
66532962
80843006
69946549
37260677
84433295
!side 
46565218
29726552
36956512
5318639
5318639
43898403
43898403
12923641
12923641
12923641
25789292
94423983
4825390
4825390
61399402
