#main 
50251045
50251045
50251045
23856331
96345184
96345184
96345184
59138498
59138498
59138498
22734799
97268402
97268402
97268402
24508238
24508238
24508238
7044562
7044562
7044562
49238328
49238328
38776201
38776201
38776201
1259915
1259915
1259915
65861210
65861210
25789292
25789292
25789292
54261514
54261514
54261514
50147815
6325660
6325660
6325660
#extra 
7894706
7894706
7894706
3410461
56910167
56910167
56910167
92359409
92359409
26096328
26096328
26096328
38354018
33909817
65305468
!side 
46565218
36956512
36956512
12923641
12923641
12923641
53778229
53778229
53778229
8267140
8267140
8267140
54974237
54974237
54974237
