#main 
59138498
59138498
59138498
23856331
96345184
96345184
96345184
50251045
50251045
50251045
22734799
42141493
42141493
42141493
24508238
59438930
59438930
59438930
73642296
73642296
3717252
54693926
54693926
54693926
53129443
53129443
53129443
7044562
7044562
7044562
25789292
65861210
65861210
38776201
38776201
38776201
1259915
1259915
1259915
50147815
#extra 
7894706
74822425
32467459
72971064
8491961
49032236
38354018
56910167
56910167
92359409
92359409
26096328
70636044
66523544
20366274
!side 
77723643
66675911
10000080
10000080
10000080
34267821
34267821
34267821
44394295
44394295
44394295
25789292
96004535
96004535
96004535
