#main 
59504256
59504256
59504256
86999951
30373970
30373970
86111442
86111442
86111442
24892828
87498729
87498729
87498729
59438930
59438930
59438930
24508238
24508238
24508238
42141493
42141493
42141493
97268402
97268402
97268402
68378605
68378605
12397569
12397569
12397569
58882608
58882608
13070280
13070280
31834488
31834488
31834488
54261514
86553594
80534031
#extra 
87676171
87676171
70636044
56910167
56910167
92359409
49032236
26096328
33113958
40673853
85252081
98506199
3410461
11765832
94151981
!side 
13510157
29726552
29726552
67750322
67750322
67750322
2263869
2263869
2263869
5318639
5318639
5318639
12682213
12682213
12682213
