#main 
13597785
13597785
13597785
59581480
59581480
59581480
85976588
12375297
97556336
97556336
74644400
74644400
74644400
61257789
3431737
46565218
46565218
46565218
55063751
55063751
42141493
42141493
42141493
27204311
27204311
27204311
48739627
48739627
48739627
64491754
64491754
91002901
91002901
91002901
25789292
25789292
25789292
80280737
80280737
24092792
#extra 
42302563
42302563
44508094
72444406
87837090
79415624
87188910
78693036
76524506
79519259
50954680
30983281
21281085
73580471
33698022
!side 
68144894
68144894
68144894
53129443
53129443
53129443
8267140
8267140
8267140
33017964
33017964
33017964
7811875
7811875
7811875
