#main 
97522863
97522863
97522863
60411677
60411677
60411677
69299029
69299029
69299029
7477101
7477101
7477101
35480699
35480699
35480699
97045737
97045737
97045737
58053438
58053438
30748475
30748475
30748475
53582587
53582587
53582587
15693423
15693423
15693423
23626223
95561146
95561146
95561146
85888377
85888377
85888377
59576447
20899496
20899496
20899496
#extra 
97800311
97800311
97800311
38495396
92661479
55285840
55285840
82633039
6983839
63746411
63746411
46772449
!side 
59576447
59576447
29726552
29726552
29726552
35405755
35405755
35405755
53129443
53129443
