#main 
85523502
85523502
85523502
22912101
22912101
22912101
58916810
58916810
58916810
84401954
84401954
84401954
11895663
11895663
11895663
18738846
102380
102380
102380
67750322
67750322
37654623
37654623
37654623
64049762
64049762
64049762
433377
433377
433377
49238328
49238328
35726888
35726888
5318639
5318639
59921227
59921227
59921227
23526128
#extra 
4628897
14017402
98502113
34848821
83121692
40854197
41517968
93854893
38495396
61399402
77894049
77894049
88021907
46772449
48608796
!side 
10000080
10000080
78783557
78783557
78783557
67750322
98645731
75652080
75652080
1372887
1372887
1372887
83319154
83319154
83319154
