#main 
86937530
86937530
86937530
55623480
19144622
19144622
40041559
40041559
86120751
86120751
57294268
57294268
57294268
84288367
84288367
875572
96228804
96228804
96228804
67750322
67750322
67750322
59438930
59438930
59438930
24508238
24508238
24508238
19326613
82119326
56725612
56725612
34041788
74063034
37432075
47679935
47679935
63926180
63926180
63926180
#extra 
78021082
4026187
4026187
33166263
43989315
70383419
11270236
97300502
37260677
66532962
80843006
46772449
65301952
74689476
27632520
!side 
48770333
29726552
36956512
99330325
99330325
99330325
5318639
5318639
8267140
96004535
96004535
96004535
75364199
75364199
75364199
