#main 
46955132
46955132
46955132
98416533
98416533
98416533
20003027
20003027
93018428
93018428
56401775
34800281
20129614
14878871
14878871
1980574
97317530
43632709
42141493
42141493
84192580
84192580
59438930
59438930
59438930
52038441
52038441
73642296
97268402
97268402
24508238
24508238
27204311
25687946
25687946
25687946
63644830
51706604
51706604
51706604
#extra 
79561872
79561872
81019803
30983281
41924516
63410069
44508094
84664085
5833929
5833929
76833149
53054164
30439101
39972129
9567495
!side 
78783557
78783557
29726552
29726552
29726552
43898403
43898403
69279219
69279219
69279219
50619462
50619462
50619462
65703851
65703851
