#main 
85523502
85523502
85523502
22912101
22912101
22912101
58916810
58916810
58916810
11895663
84401954
84401954
84401954
76145933
76145933
2311090
75922381
84192580
84192580
59438930
59438930
59438930
48770333
21501961
21501961
21501961
64049762
64049762
64049762
37654623
37654623
37654623
433377
433377
433377
59921227
59921227
59921227
23526128
42091632
42091632
42091632
#extra 
83656563
83656563
8963089
75286621
1546123
53451824
93125329
72444406
58069384
58069384
58069384
9486959
32453837
36776089
40673853
!side 
36956512
29726552
99330325
99330325
99330325
1372887
1372887
1372887
65703851
65703851
83266092
83266092
83266092
27581098
27581098
