#main 
58753372
58753372
58753372
66646087
66646087
66646087
92034192
92034192
92034192
59975920
59975920
12369277
12369277
12369277
85374678
73422829
73422829
73422829
21147203
21147203
40177746
40177746
17266660
17266660
17266660
21074344
21074344
21074344
34267821
34267821
34267821
58655504
58655504
58655504
98349765
98349765
98349765
72332074
10424147
75493362
75493362
75493362
#extra 
11646785
85252081
85252081
57450198
57450198
57031794
57031794
84025439
90448279
93039339
46772449
84013237
56832966
9567495
80117527
!side 
19613556
19613556
12580477
12580477
53129443
21501961
29549364
29549364
29549364
96004535
96004535
96004535
47819246
75364199
75364199
