#main 
73218792
73218792
73218792
18711696
9742784
17201951
17201951
17201951
91215724
63977008
63977008
16449363
63184227
37799519
37799519
42141493
42141493
42141493
84192580
84192580
84192580
50604072
50604072
77202120
67750322
67750322
67750322
13021682
26387390
26387390
26387390
43834302
43834302
37750912
91002901
91002901
91002901
49415281
49415281
49415281
#extra 
42711820
37675907
30983281
44508094
50954680
73580471
5041348
84664085
109401
41924516
16327715
286392
4891376
2322421
87188910
!side 
78783557
78783557
78783557
46565218
46565218
46565218
51706604
51706604
51706604
54261514
54261514
20899496
20899496
20899496
60800381
