#main 
86120751
86120751
86120751
57294268
57294268
57294268
10673071
84288367
84288367
84288367
97682931
97682931
97682931
59438930
59438930
59438930
52038441
42141493
42141493
42141493
67750322
67750322
67750322
25789292
25789292
25789292
98045062
98045062
54261514
54261514
47679935
47679935
47679935
63926180
63926180
63926180
37432075
37432075
74063034
74063034
#extra 
33166263
33166263
70383419
43989315
43989315
75286621
97300502
49513164
6772168
12307878
66532962
11270236
87758525
50954680
73580471
!side 
46565218
36956512
93332803
78783557
78783557
34267821
34267821
34267821
51706604
51706604
51706604
8267140
8267140
8267140
86319972
