#main 
84288367
84288367
84288367
57294268
57294268
57294268
86120751
86120751
86120751
10673071
50834074
45223540
45223540
45223540
42141493
42141493
42141493
59438930
59438930
59438930
24508238
74063034
37432075
37432075
37432075
47679935
47679935
47679935
63926180
63926180
63926180
24094653
54261514
54261514
25789292
25789292
25789292
8267140
8267140
8267140
#extra 
33166263
33166263
97300502
70383419
11270236
75286621
6772168
12307878
49513164
43989315
43989315
86239173
66532962
80843006
87758525
!side 
34267821
34267821
34267821
78783557
78783557
46565218
46565218
46565218
51706604
51706604
51706604
69279219
69279219
69279219
86319972
