#main 
84401954
84401954
84401954
22912101
22912101
22912101
58916810
58916810
58916810
85523502
85523502
85523502
11895663
11895663
18738846
102380
24508238
24508238
24508238
59438930
64049762
64049762
64049762
37654623
37654623
37654623
433377
433377
35726888
35726888
21501961
21501961
5318639
5318639
49238328
69279219
59921227
59921227
59921227
23526128
#extra 
57288064
26326541
48882106
48882106
48882106
109401
31339260
16507828
89112729
37421579
5368615
90660762
2504891
32355828
25655502
!side 
78783557
78783557
48770333
66236707
66236707
1372887
1372887
1372887
75652080
75652080
69279219
65703851
65703851
65703851
164710
