#main 
85523502
85523502
85523502
22912101
22912101
22912101
58916810
58916810
58916810
11895663
84401954
84401954
84401954
18738846
48770333
102380
102380
59438930
59438930
433377
433377
37654623
37654623
37654623
64049762
64049762
64049762
35726888
49238328
49238328
19230408
19230408
21501961
21501961
5318639
5318639
59921227
59921227
59921227
23526128
#extra 
11852093
80516007
80516007
80516007
40509732
40509732
76913983
31603289
94119480
84013237
48285768
75367227
62592805
33909817
!side 
78783557
78783557
102380
67750322
67750322
67750322
1372887
1372887
5318639
75652080
34694160
34694160
65703851
65703851
65703851
