#main 
97518132
51023024
51023024
51023024
77723643
4939890
4939890
30328508
30328508
30328508
3717252
95072744
95072744
95072744
95515789
95515789
97268402
59438930
42141493
42141493
42141493
27204311
36956512
29726552
28674152
6417578
6417578
6417578
44394295
44394295
99330325
99330325
99330325
6498706
6498706
6498706
61345801
61345801
34950192
34950192
34950192
23912837
21011044
#extra 
50907446
50907446
48424886
20366274
20366274
20366274
74822425
74822425
97051536
24915933
18666161
32467459
32467459
8852158
8852158
!side 
87462901
87462901
87462901
19739265
19739265
19739265
8267140
8267140
5318639
53582587
53582587
53582587
30748475
30748475
30748475
