#main 
91215724
73218792
73218792
73218792
16449363
13021682
37799519
37799519
54577949
50604072
50604072
50604072
61257789
61257789
86098176
74644400
74644400
74644400
18711696
18711696
18711696
39015
39015
39015
3431737
67750322
67750322
67750322
59438930
59438930
59438930
8267140
8267140
8267140
31834488
31834488
31834488
26387390
26387390
26387390
91002901
91002901
91002901
76407432
80280737
80280737
#extra 
42711820
44508094
79415624
4891376
50954680
37675907
32044675
28904860
3322931
42410161
55393975
78693036
79519259
79519259
31114334
!side 
36956512
29726552
28674152
34267821
34267821
34267821
89882100
89882100
89882100
54693926
54693926
54693926
99330325
99330325
99330325
