#main 
59138498
59138498
59138498
22734799
22734799
23856331
23856331
50251045
50251045
50251045
96345184
96345184
96345184
17350692
17350692
24508238
24508238
24508238
59438930
59438930
59438930
52038441
67750322
67750322
67750322
1259915
1259915
1259915
65861210
65861210
38776201
38776201
38776201
58570206
58570206
58570206
17782288
17782288
17782288
54171327
54171327
54171327
50147815
#extra 
7894706
7894706
7894706
80843006
69946549
58071334
79415624
40139997
95506252
95506252
67508932
42410161
28904860
81797573
70636044
!side 
34267821
34267821
34267821
10000080
10000080
10000080
8267140
8267140
8267140
34694160
34694160
34694160
81489939
81489939
81489939
