#main 
85523502
85523502
85523502
22912101
22912101
22912101
58916810
58916810
58916810
11895663
84401954
84401954
48770333
102380
102380
67750322
59438930
59438930
433377
433377
64049762
64049762
64049762
37654623
37654623
37654623
35726888
35726888
49238328
75652080
5318639
5318639
5318639
25789292
25789292
25789292
59921227
59921227
59921227
23526128
#extra 
60516416
40673853
26329679
6983839
63746411
46772449
!side 
67750322
67750322
36956512
28674152
99330325
99330325
45951104
45951104
45951104
1372887
1372887
27581098
27581098
27581098
83266092
