#main 
22912101
22912101
22912101
58916810
58916810
58916810
84401954
84401954
84401954
11895663
85523502
85523502
85523502
18738846
102380
102380
102380
24508238
24508238
24508238
64049762
64049762
64049762
433377
433377
433377
37654623
37654623
37654623
49238328
35726888
35726888
35726888
5318639
5318639
5318639
59921227
59921227
59921227
23526128
#extra 
59531356
59531356
59531356
72444406
98506199
68396121
68396121
68396121
63746411
63746411
63746411
61399402
6983839
82633039
46772449
!side 
48770333
10000080
10000080
10000080
78783557
78783557
78783557
67750322
67750322
67750322
21501961
21501961
14883228
14883228
14883228
