#main 
44482554
44482554
44482554
70871153
70871153
70871153
1498449
75003700
75003700
75003700
7375867
84477320
84477320
84477320
875572
875572
875572
95515789
95515789
11317977
79109599
79109599
79109599
102380
102380
102380
24508238
24508238
24508238
6153210
32548318
24094653
24094653
24094653
6498706
6498706
5431722
69932023
80208225
80208225
#extra 
85899505
75286621
43989315
37260677
13735899
89851827
89851827
43227
72578374
24915933
33760966
79755671
79755671
42125140
42125140
!side 
10000080
10000080
10000080
78783557
78783557
78783557
5318639
5318639
5318639
25789292
25789292
25789292
69279219
69279219
69279219
