#main 
86937530
86937530
86937530
19144622
19144622
55623480
40041559
96228804
96228804
97682931
57294268
57294268
57294268
86120751
86120751
875572
10673071
84288367
84288367
84288367
24508238
59438930
59438930
27204311
47679935
47679935
63926180
63926180
63926180
74063034
37432075
37432075
19326613
82119326
56725612
8267140
34041788
25789292
25789292
86319972
#extra 
74689476
27632520
50954680
25862681
33166263
11270236
75286621
43989315
97300502
70383419
80843006
37260677
66532962
4026187
78021082
!side 
29726552
36956512
34267821
34267821
34267821
48770333
99330325
99330325
53778229
53778229
8267140
81489939
81489939
81489939
65301952
