#main 
86937530
86937530
86937530
19144622
19144622
55623480
40041559
40041559
40041559
875572
96228804
96228804
96228804
87003671
87003671
87003671
51618973
26674724
26674724
26674724
52846880
24508238
24508238
24508238
59438930
59438930
59438930
67750322
67750322
67750322
56725612
56725612
82119326
19326613
34041788
21501961
48130397
8267140
8267140
8267140
#extra 
84433295
37260677
80843006
11765832
54757758
4026187
4026187
78021082
78021082
66532962
46772449
27632520
27632520
65301952
74689476
!side 
46565218
46565218
46565218
58655504
58655504
58655504
34694160
34694160
34694160
96004535
96004535
96004535
53778229
53129443
53129443
