#main 
55920742
55920742
55920742
19535693
19535693
19535693
75046994
75046994
6609736
13258285
50642380
62606805
62606805
62606805
9213491
9213491
9213491
95091919
95091919
95091919
36218106
67750322
67750322
67750322
68144894
68144894
68144894
59438930
59438930
49370016
483
483
483
67723438
36494597
8267140
8267140
25789292
25789292
25789292
#extra 
33171768
80073414
16246535
5848934
37192109
28403802
5041348
88139289
44708154
44708154
60465049
78693036
52644170
11441009
18313046
!side 
35405755
35405755
35405755
29726552
36956512
48770333
64697431
64697431
99330325
99330325
99330325
7811875
7811875
59718521
59718521
