#main 
59138498
59138498
59138498
23856331
50251045
50251045
50251045
96345184
96345184
96345184
22734799
17350692
31464658
24508238
24508238
24508238
59438930
59438930
59438930
67750322
67750322
67750322
1259915
1259915
1259915
65861210
65861210
38776201
38776201
38776201
58570206
58570206
7044562
7044562
7044562
17782288
17782288
54171327
54171327
50147815
#extra 
7894706
7894706
80843006
69946549
58071334
79415624
21281085
95506252
67508932
67508932
42410161
28904860
55393975
81797573
70636044
!side 
10000080
10000080
10000080
12580477
19613556
19613556
19613556
75364199
75364199
81489939
81489939
27581098
27581098
96004535
96004535
