#main 
59138498
59138498
59138498
96345184
96345184
96345184
50251045
50251045
50251045
23856331
22734799
41406613
41406613
41406613
34230233
15667446
17350692
84031359
19000848
24508238
59438930
59438930
25789292
25789292
7044562
7044562
7044562
98696958
98696958
98696958
71593652
38776201
38776201
38776201
65861210
65861210
1259915
1259915
1259915
50147815
#extra 
7894706
7894706
45409943
69946549
85065943
85065943
85065943
38354018
92359409
70636044
93854893
1639384
9567495
8491961
27240101
!side 
67750322
67750322
67750322
10000080
10000080
10000080
8267140
8267140
8267140
58570206
58570206
58570206
34694160
34694160
34694160
