#main 
82773292
82773292
82773292
84031359
84031359
84031359
52840267
52840267
52840267
25451652
25451383
99456344
62962630
36577931
68468459
95515789
95515789
17266660
17266660
17266660
21074344
87112784
87112784
87112784
14517422
99941223
99941223
6498706
6498706
6498706
44362883
36637374
36637374
36637374
25789292
25789292
98829635
71593652
50501121
93023136
#extra 
4167084
10136446
10136446
10136446
85065943
17749468
80843006
69946549
87758525
24915933
24915933
72272462
70534340
45409943
53971455
!side 
26084285
26084285
26084285
78783557
78783557
78783557
10000080
10000080
64697431
64697431
64697431
66236707
66236707
6763530
48152161
