#main 
98684220
70405001
44001993
24088928
24088928
97462632
97462632
97462632
28954097
28954097
28954097
23076639
23076639
23076639
55461744
21637502
95132593
68144894
95365081
95365081
32759190
18321034
44694191
67750322
67750322
67750322
63136489
63136489
63136489
54261514
54261514
25789292
25789292
57809669
33599853
89558743
89558743
20415050
20415050
24749710
29792472
#extra 
1769875
69601012
69601012
38264974
67021206
67021206
94410955
31411835
43227
9785661
28143384
69946549
1639384
93854893
45935145
!side 
29726552
36956512
36956512
99330325
99330325
99330325
8267140
8267140
8267140
51706604
51706604
2372506
65703851
65703851
93294363
