#main 
59138498
59138498
59138498
96345184
96345184
96345184
50251045
50251045
50251045
23856331
23856331
22734799
78077209
44694191
19000848
45659520
76978105
30583090
13650422
50720316
28954097
28954097
28954097
23076639
23076639
23076639
55461744
24088928
44001993
68144894
59438931
59438931
59438931
67750322
67750322
67750322
46565218
89558743
89558743
89558743
7044562
7044562
7044562
71593652
33599853
63136489
63136489
1259915
1259915
1259915
65861210
65861210
38776201
38776201
38776201
3519195
77124096
94820406
39613288
50147815
#extra 
70636044
40673853
72444406
13708888
59893882
58332301
86165817
1769875
69601012
11321089
7894706
45409943
28143384
11765832
30138615
!side 
34267821
102380
102380
102380
78783557
78783557
78783557
10000080
10000080
66236707
66236707
66236707
2263869
2263869
2263869
