#main 
81522098
81522098
81522098
50415441
50415441
50415441
82933935
82933935
82933935
55537983
11677278
23920796
80551022
43066927
43066927
84824728
84824728
84824728
86809440
86809440
55733143
13204145
13204145
13204145
45951104
45951104
45951104
35269904
35269904
63086455
85698115
85698115
97045737
97045737
97045737
59293853
59293853
69599136
69599136
69599136
#extra 
90448279
9567495
1269512
72167543
16955631
16955631
56410769
69058960
95442074
27240101
72971064
7020743
8491961
42940335
42940335
!side 
24508238
24508238
24508238
78783557
19743887
23746827
23746827
23746827
53129443
5318639
5318639
5318639
12923641
12923641
12923641
