#main 
11868731
11868731
11868731
34680482
34680482
34680482
77848740
77848740
77848740
52404456
52404456
91350799
91350799
36745317
9350312
9350312
9350312
81519836
81519836
81519836
17266660
17266660
17266660
21074344
21074344
21074344
63542003
97268402
97268402
97268402
59438930
59438930
60470713
14001430
89558743
89558743
97045737
97045737
97045737
68159562
#extra 
37164373
37164373
49689480
49689480
44311445
44311445
20343502
20343502
46772449
82633039
94380860
95169481
6983839
61399402
63746411
!side 
34267821
34267821
34267821
10000080
10000080
10000080
29726552
8267140
8267140
8267140
15693423
15693423
65703851
65703851
65703851
