#main 
22912101
22912101
22912101
58916810
58916810
58916810
84401954
84401954
84401954
11895663
85523502
85523502
85523502
66722103
27204311
27204311
24508238
24508238
37654623
37654623
37654623
64049762
64049762
64049762
433377
17782288
17782288
17782288
35726888
35726888
35726888
19613556
19613556
21501961
25789292
59921227
59921227
23526128
54171327
54171327
#extra 
81797573
81797573
81797573
28904860
28904860
42410161
42410161
55393975
72444406
79415624
58071334
59531356
83656563
40673853
40673853
!side 
66722103
66722103
46565218
46565218
24508238
48770333
2263869
2263869
2263869
53129443
53129443
53129443
5318639
5318639
25789292
