#main 
34541940
34541940
34541940
60946049
60946049
23829452
23829452
97434754
50834074
97556336
97556336
29726552
29726552
45223540
45223540
45223540
24508238
24508238
24508238
42141493
42141493
74011784
74011784
74011784
1122030
1122030
1122030
74733322
74733322
74733322
37517035
17782288
17782288
69279219
69279219
69279219
25789292
25789292
25789292
74335036
23599634
44654994
54171327
54171327
54171327
#extra 
27184601
27184601
74631897
74631897
32467459
86239173
53589300
58071334
89851827
28904860
55393975
42410161
81797573
81797573
77313225
!side 
77723643
66675911
82105704
82105704
8267140
8267140
44394295
44394295
44394295
7811875
7811875
7811875
164710
164710
164710
