#main 
85523502
85523502
85523502
22912101
22912101
22912101
58916810
58916810
58916810
84401954
84401954
84401954
11895663
48770333
66722103
97526666
24508238
24508238
24508238
37654623
37654623
37654623
64049762
64049762
64049762
433377
21501961
21501961
35726888
35726888
35726888
7477101
7477101
7477101
49238328
49238328
49238328
59921227
59921227
23526128
#extra 
63746411
63746411
63746411
2061963
2061963
2061963
68396121
68396121
68396121
40673853
40673853
42711820
79519259
16327715
3410461
!side 
10000080
10000080
10000080
78783557
78783557
78783557
1372887
1372887
1372887
65703851
65703851
65703851
14883228
14883228
14883228
