#main 
22912101
22912101
22912101
58916810
58916810
58916810
84401954
84401954
84401954
85523502
85523502
85523502
11895663
66722103
66722103
66722103
48770333
97526666
102380
102380
102380
42141493
42141493
42141493
84192580
84192580
84192580
59438930
37654623
37654623
37654623
64049762
64049762
64049762
433377
7477101
7477101
7477101
59921227
59921227
23526128
#extra 
63746411
63746411
63746411
48739166
94380860
2061963
68396121
61399402
6983839
46772449
71222868
71222868
43228023
43228023
43228023
!side 
8267140
8267140
8267140
10813327
10813327
10813327
34694160
34694160
34694160
27581098
27581098
27581098
81489939
81489939
81489939
