#main 
84401954
84401954
84401954
58916810
58916810
58916810
22912101
22912101
22912101
85523502
85523502
85523502
11895663
73355772
73355772
73355772
48770333
59438930
59438930
59438930
97268402
97268402
97268402
64049762
64049762
64049762
433377
37654623
37654623
37654623
25789292
25789292
25789292
7477101
7477101
7477101
59921227
59921227
23526128
82956214
#extra 
63746411
2061963
88177324
68396121
68396121
68396121
40673853
56638325
92359409
38354018
6772168
98506199
72444406
28904860
28904860
!side 
48770333
28674152
28674152
42141493
42141493
54693926
54693926
54693926
99330325
99330325
99330325
43898403
43898403
43898403
82956214
