#main 
22912101
22912101
22912101
58916810
58916810
58916810
84401954
84401954
84401954
11895663
85523502
85523502
85523502
66722103
48770333
71564252
102380
102380
102380
67750322
67750322
67750322
42141493
42141493
42141493
59438930
59438930
37654623
37654623
37654623
64049762
64049762
64049762
433377
7477101
7477101
7477101
59921227
59921227
23526128
#extra 
6195332
6195332
58858807
58858807
9272381
38495396
45852939
11522979
11522979
2061963
63746411
46772449
69601012
1769875
80532587
!side 
24508238
24508238
73355772
73355772
83266092
83266092
83266092
27581098
27581098
27581098
99735427
99735427
53341729
53341729
82956214
