#main 
85523502
85523502
85523502
22912101
22912101
22912101
58916810
58916810
58916810
84401954
84401954
84401954
11895663
71564252
48770333
97526666
67750322
67750322
67750322
24508238
24508238
42141493
42141493
42141493
59438930
59438930
59438930
37654623
37654623
37654623
64049762
64049762
64049762
433377
21501961
7477101
7477101
7477101
59921227
59921227
#extra 
2061963
63746411
6195332
9272381
58858807
38495396
46772449
72444406
98506199
3410461
!side 
28674152
36956512
99330325
99330325
43898403
43898403
43898403
69279219
69279219
69279219
23526128
164710
27581098
27581098
27581098
