#main 
84401954
84401954
84401954
58916810
58916810
58916810
22912101
22912101
22912101
85523502
85523502
85523502
11895663
55697723
55697723
55697723
42141493
42141493
42141493
84192580
84192580
48770333
81096431
18738846
18738846
64049762
64049762
64049762
37654623
37654623
37654623
7477101
7477101
7477101
35480699
35480699
35480699
59921227
59921227
23526128
#extra 
23995346
59531356
83656563
61399402
48739166
32453837
63746411
67557908
68396121
40673853
6983839
46772449
27548199
72444406
55393975
!side 
68144894
68144894
68144894
2263869
2263869
2263869
25789292
25789292
25789292
5318639
5318639
5318639
49010598
49010598
49010598
