#main 
85523502
85523502
85523502
22912101
22912101
22912101
58916810
58916810
58916810
84401954
84401954
84401954
11895663
66722103
48770333
18738846
84192580
84192580
84192580
59438930
59438930
37654623
37654623
37654623
64049762
64049762
64049762
433377
21501961
21501961
49238328
49238328
25789292
25789292
59921227
59921227
23526128
42091632
42091632
42091632
#extra 
78693036
41924516
98506199
42566602
3410461
93854893
1269512
94380860
95169481
46772449
82633039
61399402
93568288
6983839
45852939
!side 
67750322
67750322
67750322
24508238
24508238
24508238
12923641
12923641
12923641
54261514
54261514
25789292
14883228
14883228
14883228
