#main 
84401954
84401954
84401954
58916810
58916810
58916810
22912101
22912101
22912101
85523502
85523502
85523502
11895663
73355772
73355772
73355772
59438930
59438930
66722103
48770333
97526666
84192580
84192580
42141493
42141493
42141493
64049762
64049762
64049762
433377
37654623
37654623
37654623
7477101
7477101
7477101
21501961
59921227
59921227
23526128
82956214
#extra 
2061963
88177324
68396121
63746411
40673853
9940036
72444406
98506199
41373230
3410461
59531356
51788412
99267150
81196066
83656563
!side 
102380
102380
102380
21501961
43898403
43898403
2263869
2263869
2263869
82105704
82105704
82105704
34717238
34717238
34717238
