#main 
84401954
84401954
84401954
58916810
58916810
58916810
22912101
22912101
22912101
85523502
85523502
85523502
11895663
97526666
66722103
24508238
24508238
24508238
52038441
52038441
73642296
73642296
59438930
59438930
42141493
42141493
42141493
64049762
64049762
64049762
433377
37654623
37654623
37654623
7477101
7477101
7477101
59921227
59921227
23526128
#extra 
59531356
59531356
83656563
83656563
98506199
50793215
72444406
72444406
63746411
63746411
63746411
2061963
68396121
40673853
40673853
!side 
48770333
102380
102380
66236707
66236707
66236707
43898403
43898403
43898403
164710
164710
164710
27581098
27581098
27581098
