#main 
22912101
22912101
22912101
58916810
58916810
58916810
84401954
84401954
84401954
11895663
85523502
85523502
85523502
66722103
48770333
42141493
42141493
37654623
37654623
37654623
64049762
64049762
64049762
433377
51869363
51869363
21501961
21501961
21501961
54261514
54261514
2263869
2263869
7477101
7477101
49238328
49238328
49238328
59921227
59921227
23526128
#extra 
63746411
63746411
63746411
68396121
11132674
40673853
46772449
72444406
72444406
50793215
98506199
98506199
48791583
37260677
41373230
!side 
102380
102380
102380
43898403
43898403
43898403
2263869
12923641
12923641
66236707
66236707
66236707
82956214
82956214
82956214
