#main 
84401954
84401954
84401954
85523502
85523502
85523502
22912101
22912101
22912101
58916810
58916810
58916810
11895663
48770333
66722103
66722103
102380
102380
102380
42141493
42141493
42141493
84192580
84192580
84192580
64049762
64049762
64049762
433377
37654623
37654623
37654623
7477101
7477101
7477101
23153227
23153227
59921227
59921227
23526128
#extra 
59531356
83656563
46354113
11765832
49678559
2061963
63746411
63746411
68396121
94380860
31801517
40673853
6588580
98506199
72444406
!side 
24508238
24508238
24508238
78783557
78783557
78783557
73355772
73355772
73355772
1372887
1372887
1372887
43898403
43898403
82956214
