#main 
85523502
85523502
85523502
22912101
22912101
22912101
58916810
58916810
58916810
84401954
84401954
84401954
11895663
48770333
24508238
24508238
42141493
42141493
84192580
37654623
37654623
37654623
64049762
64049762
64049762
433377
433377
21501961
21501961
7477101
7477101
7477101
19230407
19230407
49238328
49238328
98476659
59921227
59921227
23526128
#extra 
40673853
40673853
40673853
63746411
63746411
63746411
48739166
88177324
68396121
83656563
59531356
27134689
72444406
50793215
98506199
!side 
67750322
67750322
2263869
2263869
66236707
66236707
8267140
8267140
65703851
65703851
65703851
14883228
14883228
27581098
27581098
