#main 
84401954
84401954
84401954
85523502
85523502
85523502
22912101
22912101
22912101
58916810
58916810
58916810
11895663
73355772
73355772
73355772
42141493
42141493
42141493
59438930
59438930
27204311
27204311
64049762
64049762
64049762
433377
433377
37654623
37654623
37654623
21501961
7477101
7477101
7477101
23526128
23526128
59921227
59921227
82956214
#extra 
94130731
94130731
94130731
30604579
30604579
72444406
48882106
98506199
63746411
40673853
40673853
40673853
13735899
59531356
59531356
!side 
36956512
36956512
36956512
68144894
68144894
68144894
52038441
52038441
67750322
43898403
43898403
43898403
2263869
2263869
2263869
