#main 
84401954
84401954
84401954
58916810
58916810
58916810
22912101
22912101
22912101
85523502
85523502
85523502
11895663
97526666
48770333
59438930
59438930
42141493
42141493
42141493
64049762
64049762
64049762
433377
433377
37654623
37654623
37654623
25789292
25789292
25789292
21501961
21501961
7477101
7477101
7477101
59921227
59921227
23526128
82956214
#extra 
81196066
59531356
3410461
6983839
68396121
88177324
63746411
12014404
40673853
46772449
61399402
98506199
5914858
93125329
72444406
!side 
68468459
68468459
68468459
73355772
73355772
73355772
102380
102380
27204311
27204311
43898403
43898403
2263869
2263869
2263869
