#main 
95515789
95515789
68468459
68468459
25451383
25451383
25451383
28674152
82489470
45883110
45484331
45484331
45484331
55273560
62962630
62962630
62962630
19304410
19304410
19096726
73819701
29948294
29948294
29948294
36637374
36637374
36637374
34995106
82738008
9175957
9175957
9175957
54261514
54261514
54261514
21501961
21501961
6498706
17751597
81767888
#extra 
1906812
33166263
76666602
76666602
44146295
51409648
87746184
80843006
24915933
41373230
72272462
89851827
3410461
78397661
74405783
!side 
48770333
63941210
99330325
99330325
99330325
78610936
78610936
78610936
43898403
43898403
43898403
82105704
82105704
64697431
64697431
