#main 
68144894
68144894
68144894
95365081
95365081
95365081
32759190
32759190
32759190
95132593
18321034
18321034
21637502
28954097
28954097
28954097
23076639
23076639
23076639
67750322
55461744
28674152
58143852
42141493
42141493
20415050
20415050
20415050
57809669
63136489
63136489
33017964
33017964
33017964
4031928
4031928
4031928
45986603
45986603
29792472
93294363
#extra 
67021206
67021206
67021206
94410955
31411835
1769875
1769875
69601012
69601012
38264974
11321089
69946549
32467459
32302078
99666430
!side 
28674152
28674152
97940434
97940434
67750322
67750322
34267821
83986578
3717252
77723643
53765052
44394295
44394295
44394295
21501961
