#main 
79210531
79210531
79210531
60700283
60700283
42822433
2273734
1050186
38667773
33302589
33302589
33302589
82913020
82913020
82913020
78358521
29726552
36956512
42141493
42141493
42141493
84192580
84192580
24508238
24508238
59438930
59438930
27204311
18205590
10125011
10125011
69678646
69678646
69678646
23153227
23153227
23153227
7477101
7477101
7477101
#extra 
9272381
56638325
6195332
6195332
6195332
58858807
58858807
32289031
64414267
73964868
38495396
2609443
61399402
2061963
45852939
!side 
69852487
28674152
5318639
5318639
5318639
99330325
99330325
99330325
96004535
14883228
14883228
14883228
41510920
41510920
41510920
