#main 
33302589
33302589
82913020
82913020
78358521
79210531
79210531
79210531
60700283
60700283
42822433
55697723
55697723
55697723
81096431
67750322
67972302
24508238
24508238
24508238
84192580
84192580
84192580
59438930
69678646
69678646
69678646
65236257
18205590
10125011
21501961
7477101
7477101
7477101
23153227
23153227
23153227
15693423
15693423
15693423
#extra 
6195332
9272381
58858807
58858807
32289031
38495396
56638325
61399402
86331741
2609443
46772449
45852939
16643334
41522092
94380860
!side 
34267821
34267821
34267821
69279219
69279219
69279219
12923641
12923641
12923641
53129443
53129443
53129443
96004535
96004535
96004535
