#main 
59138498
59138498
59138498
96345184
96345184
96345184
50251045
50251045
50251045
23856331
22734799
41406613
41406613
41406613
34230233
15667446
79126789
17350692
31464658
31464658
42141493
42141493
42141493
84192580
84192580
65861210
65861210
38776201
38776201
38776201
1259915
1259915
1259915
98696958
98696958
98696958
7044562
7044562
7044562
50147815
#extra 
7894706
7894706
69946549
80843006
38354018
56910167
92359409
26096328
70636044
19369609
93854893
66547759
67508932
67508932
67508932
!side 
78783557
78783557
78783557
102380
102380
102380
58570206
58570206
58570206
8267140
8267140
8267140
4931121
4931121
4931121
