#main 
40044918
40044918
40044918
13256226
13256226
50720316
59392529
89943723
58288218
58288218
10808715
66206748
17955766
80344569
43237273
30875635
30875635
42141493
42141493
42141493
80170678
80170678
80170678
14088859
45906428
24094653
24094653
8949584
8949584
8949584
213326
213326
213326
16169772
21143940
89058026
10186633
24299458
24299458
75047173
#extra 
64655485
40854197
56733747
19222426
55171412
93347961
22908820
90050480
89870349
29095552
23204029
23204029
46759931
32828466
13708888
!side 
36956512
36956512
29726552
43898403
43898403
8267140
8267140
25789292
25789292
53129443
53129443
24299458
54693926
66367984
66367984
