#main 
40044918
40044918
40044918
13256226
13256226
89943723
58288218
50720316
10808715
80344569
43237273
17955766
30875635
94145021
94145021
42141493
42141493
8949584
8949584
8949584
213326
213326
213326
80170678
80170678
80170678
10186633
10186633
89058026
24094653
24094653
45906428
16169772
35480699
35480699
35480699
25789292
25789292
25789292
75047173
#extra 
19222426
19222426
48996569
90050480
40854197
93347961
46759931
23204029
64655485
28677304
64655485
56733747
22908820
40673853
72444406
!side 
78783557
78783557
78783557
67750322
67750322
67750322
97940434
97940434
97940434
43898403
43898403
43898403
2263869
2263869
2263869
