#main 
57294268
57294268
57294268
84288367
84288367
84288367
10673071
93332803
29726552
36956512
48770333
86120751
86120751
86120751
24508238
59438930
59438930
59438930
97268402
97268402
97268402
52038441
99330325
99330325
99330325
63926180
63926180
63926180
47679935
47679935
47679935
37432075
37432075
74063034
74063034
63854005
63854005
23314220
23314220
89739383
#extra 
33166263
75286621
70383419
70383419
12307878
43989315
49513164
6772168
38423248
11270236
97300502
66532962
53539634
22850702
42302563
!side 
62015408
62015408
62015408
27632520
58858807
95626382
43898403
43898403
43898403
9070454
9070454
9070454
65703851
65703851
86319972
