#main 
50415441
50415441
50415441
82933935
82933935
82933935
43066927
43066927
43066927
81522098
81522098
81522098
55537983
80551022
11677278
84824728
84824728
84824728
24508238
91800273
91800273
91800273
42141493
42141493
42141493
13204145
13204145
13204145
86809440
86809440
86809440
45951104
45951104
45951104
25789292
25789292
25789292
21501961
59293853
59293853
#extra 
42940335
42940335
16955631
72971064
8491961
48608796
32302078
27240101
56410769
69058960
9567495
90448279
72167543
41522092
!side 
29726552
28674152
36956512
24508238
24508238
99330325
99330325
99330325
61650133
61650133
61650133
5318639
9070454
9070454
9070454
