#main 
26674724
26674724
26674724
52846880
87003671
51618973
87003671
19144622
19144622
19144622
86937530
86937530
86937530
40041559
40041559
40041559
96228804
96228804
96228804
875572
59438930
59438930
59438930
24508238
24508238
24508238
84192580
84192580
84192580
27204311
27204311
27204311
56725612
56725612
56725612
82119326
19326613
48130397
48130397
34041788
#extra 
46772449
74689476
65301952
27632520
27632520
4026187
4026187
78021082
66532962
37260677
69946549
54757758
84433295
11765832
80843006
!side 
46565218
46565218
46565218
95589901
53778229
53129443
8267140
8267140
8267140
34694160
34694160
34694160
96004535
96004535
96004535
