#main 
75003700
75003700
75003700
70871153
70871153
70871153
44482554
44482554
44482554
7375867
1498449
84477320
44994712
44994712
44994712
44932065
18595008
79109599
79109599
3717252
77723643
32548318
32548318
6153210
89176044
89176044
89176044
44394295
44394295
44394295
8267140
8267140
25789292
25789292
25789292
10218411
24094653
5431722
80208225
69932023
#extra 
79755671
79755671
42125140
33760966
69946549
66309175
39915560
41209827
89851827
13735899
41763141
32467459
80843006
72578374
66787942
!side 
10000080
10000080
10000080
79109599
75652080
75652080
75652080
66236707
66236707
66236707
5318639
24094653
96474800
96474800
44536921
