#main 
22912101
22912101
22912101
58916810
58916810
58916810
84401954
84401954
84401954
85523502
85523502
11895663
80538047
80538047
80538047
54143349
48770333
37654623
37654623
37654623
64049762
64049762
64049762
433377
7477101
7477101
35480699
35480699
35480699
20508881
20508881
20508881
5318639
5318639
5318639
25789292
25789292
25789292
59921227
59921227
#extra 
40673853
40673853
94151981
1269512
65676461
63746411
68396121
97489701
72444406
50793215
98506199
80073414
6182103
59531356
83656563
!side 
10000080
10000080
10000080
12923641
12923641
12923641
54693926
54693926
54693926
2263869
2263869
2263869
66236707
66236707
23526128
