#main 
25801745
25801745
25801745
51296484
51296484
51296484
88284599
4810828
10774240
10774240
95718355
95718355
96540807
22938501
59323650
22812963
58769832
58769832
58769832
73355772
102380
52472775
52472775
98477480
39114494
67171933
67171933
67171933
31786838
36672909
89558743
89558743
8267140
8267140
25789292
25789292
25789292
27781371
86310763
82956214
#extra 
64182380
22110647
40673853
1769875
81196066
70117791
11765832
72444406
98506199
67098897
67098897
93192592
93192592
31603289
31603289
!side 
102380
102380
2263869
2263869
2263869
43898403
43898403
43898403
94016752
94016752
94016752
9070454
9070454
9070454
82956214
