#main 
59138498
59138498
59138498
96345184
96345184
96345184
50251045
50251045
50251045
23856331
23856331
22734799
22734799
17350692
17350692
10000080
10000080
19000848
84192580
84192580
84192580
59438930
59438930
27204311
27204311
38776201
38776201
38776201
1259915
1259915
1259915
65861210
65861210
7044562
7044562
7044562
25789292
25789292
71593652
50147815
#extra 
7894706
7894706
72971064
56910167
92359409
70636044
41522092
90162951
45445571
46895036
87676171
45409943
80843006
53334641
53334641
!side 
21208154
21208154
21208154
63941210
63941210
63941210
12923641
12923641
12923641
5318639
5318639
5318639
43898403
43898403
69809989
