#main 
19144622
19144622
19144622
86937530
86937530
86937530
75003700
75003700
75003700
70871153
7375867
44482554
84477320
1498449
77723643
3717252
4939890
96228804
96228804
40041559
423585
67750322
59438930
27204311
82119326
82119326
82119326
56725612
56725612
56725612
19326613
32548318
6153210
44394295
44394295
44394295
34041788
69932023
80208225
5431722
#extra 
4026187
4026187
78021082
79755671
79755671
79755671
33760966
42125140
32467459
48424886
89851827
84433295
80843006
27632520
!side 
97518132
36956512
28674152
29726552
99330325
99330325
99330325
43898403
43898403
25789292
25789292
25789292
29549364
29549364
29549364
