#main 
21147203
21147203
21147203
58753372
58753372
58753372
66646087
66646087
66646087
85374678
92034192
92034192
92034192
73422829
73422829
73422829
12369277
12369277
12369277
59975920
59975920
21074344
21074344
17266660
17266660
17266660
68144894
68144894
68144894
84192580
84192580
27204311
27204311
98349765
98349765
72332074
10424147
54261514
54261514
54261514
#extra 
84025439
57450198
57450198
57031794
57031794
85252081
85252081
11646785
78144171
72167543
84013237
80117527
56840427
56832966
90448279
!side 
67750322
67750322
67750322
29726552
29726552
36956512
99330325
99330325
99330325
3259760
3259760
3259760
96004535
96004535
96004535
