#main 
8039562
8039562
26577155
26577155
26577155
59755122
59755122
71645463
71645463
71645463
89172051
14983497
54577949
84192580
42141493
42141493
42141493
73594093
73594093
73594093
62265044
62265044
62265044
7917970
60004971
60004971
17782288
17782288
17782288
54693926
54693926
54693926
8267140
8267140
8267140
53129443
53129443
53129443
54171327
54171327
#extra 
21249921
34116027
88234821
81797573
81797573
55393975
55393975
28904860
28904860
42410161
32044675
50954680
96633955
30983281
40139997
!side 
58655504
58655504
58655504
46565218
46565218
46565218
5758500
5758500
88369727
64697431
64697431
64697431
43898403
43898403
43898403
