#main 
95440946
95440946
34541940
60946049
60946049
97434754
97434754
23829452
23829452
97556336
97556336
31434645
68829754
74733322
74733322
74733322
37517035
21720439
1122030
1122030
74011784
74011784
74011784
21501961
21501961
35480699
35480699
35480699
53129443
6498706
6498706
6498706
20590515
20590515
20612097
22669793
93191801
93191801
44654994
23599634
#extra 
74889525
74889525
43143567
43143567
27184601
27184601
74631897
53589300
89851827
56910167
92359409
49032236
38354018
26096328
46772449
!side 
10000080
10000080
10000080
29726552
29726552
29726552
51706604
51706604
51706604
3259760
3259760
3259760
15693423
15693423
15693423
