#main 
20758643
20758643
20758643
57143342
57143342
57143342
36553319
36553319
62957424
62957424
84764038
84764038
73213494
73213494
47728740
81992475
734741
30068120
10802915
10802915
81035362
81035362
81035362
19000848
19000848
19000848
67750322
67750322
27204311
27204311
24508238
24508238
71593652
71593652
1475311
1475311
48130397
48130397
15693423
15693423
#extra 
83531441
83531441
83531441
72167543
62709239
85252081
51497409
65305468
26973555
18386170
45409943
45409943
41209827
69946549
54757758
!side 
34267821
34267821
97940434
102380
102380
53129443
53129443
43898403
43898403
53582587
53582587
74003290
74003290
29549364
29549364
