#main 
33302589
33302589
82913020
82913020
78358521
38667773
1050186
60700283
60700283
42822433
79210531
79210531
79210531
75878039
2273734
55697723
55697723
55697723
81096431
67972302
29726552
29726552
18205590
18205590
69678646
69678646
69678646
65236257
10125011
21501961
23153227
23153227
23153227
7477101
28958464
28958464
54693926
54693926
54693926
67169062
#extra 
32289031
58858807
58858807
6195332
38495396
56638325
94380860
46772449
581014
16643334
45852939
2609443
86331741
41522092
88021907
!side 
28958464
69279219
12923641
12923641
12923641
53129443
53129443
53129443
96004535
96004535
96004535
41510920
41510920
41510920
9272381
