#main 
2347656
73602965
73602965
73602965
1225009
75730490
37629703
37629703
37629703
74018812
74018812
74018812
60990740
60990740
60990740
9822220
33407125
49299410
33995387
33995387
4825390
4825390
64765016
64765016
63086455
63086455
82956214
82956214
6351147
6351147
80101899
80101899
80101899
25096909
25096909
25096909
5380979
5380979
92714517
92714517
#extra 
55990317
1641882
80532587
86038337
1769875
69946549
9486959
3790062
44241999
78156759
46772449
359563
40673853
40673853
72444406
!side 
73355772
73355772
73355772
9822220
9822220
102380
102380
69895264
23924608
23924608
20899496
20899496
83319154
83319154
83319154
