#main 
86937530
86937530
86937530
55623480
19144622
19144622
40041559
40041559
40041559
875572
96228804
96228804
96228804
51618973
87003671
87003671
87003671
26674724
26674724
26674724
52846880
67750322
67750322
67750322
59438930
59438930
59438930
24508238
24508238
24508238
19326613
82119326
56725612
56725612
34041788
34041788
21501961
48130397
8267140
8267140
8267140
#extra 
78021082
78021082
4026187
4026187
84433295
37260677
66532962
80843006
11765832
54757758
46772449
74689476
65301952
27632520
27632520
!side 
58655504
58655504
58655504
46565218
46565218
64697431
64697431
69279219
69279219
34694160
34694160
34694160
96004535
96004535
96004535
