#main 
44994712
44994712
44994712
35272499
35272499
35272499
18595008
18595008
61677004
53819028
99913726
52792430
44932065
44932065
89181134
79966218
79966218
79966218
42141493
42141493
42141493
8148322
89176044
89176044
89176044
14463695
14463695
88069597
24094653
44886582
17236839
74335036
74335036
35167375
48130397
48130397
48130397
8267140
8267140
8267140
44536921
44536921
44536921
#extra 
39915560
79864860
69946549
69946549
66309175
25586143
41209827
41763141
11765832
54757758
73580471
6560411
50954680
82044280
66787942
!side 
35405755
35405755
35405755
59438930
59438930
59438930
43225434
43225434
43225434
43898403
43898403
43898403
74003290
74003290
74003290
