#main 
58446973
58446973
58446973
60551528
26034577
52038272
89423971
96055137
51316684
51316684
88301393
23440231
23440231
14799437
14799437
25811989
27260347
90241276
90241276
9674034
9674034
9674034
45663742
45663742
48452496
81035362
42141493
42141493
19000848
85106525
85106525
85106525
78748366
78748366
78748366
31444249
31444249
31444249
60830240
60830240
60830240
71593652
89023486
53639887
7337976
7337976
7337976
51697825
51697825
51697825
96235944
96235944
31548814
31548814
31548814
#extra 
82734805
82734805
97051536
45409943
58071334
1769875
69601012
45445571
9940036
79415624
87188910
66698383
5800323
98506199
93125329
!side 
36956512
29726552
29726552
29726552
55063751
24081957
2263869
2263869
2263869
99330325
99330325
99330325
43898403
43898403
43898403
