#main 
25550531
25550531
79933029
79933029
76145933
76145933
76145933
75922381
13533678
12500059
12500059
4939890
30328508
3717252
67750322
67750322
67750322
10000080
10000080
59438930
20212491
20212491
56700100
56700100
56700100
55584558
55584558
55584558
82105704
82105704
82105704
29599813
29599813
29599813
21347668
75493362
73594093
54693926
1372887
8267140
8267140
68250822
82983267
82983267
#extra 
83827392
51822687
52645235
52645235
98049934
98049934
24434049
24434049
62592805
62592805
54191698
33909817
48608796
8491961
3790062
!side 
102380
102380
102380
1372887
1372887
11429811
11429811
11429811
63086455
63086455
33995387
33995387
33995387
29549364
29549364
