#main 
61980241
61980241
61980241
38648860
25592142
24779554
98385955
98385955
98385955
60145298
53765052
72270339
23151193
15005145
42493140
96030710
78888899
97698279
99289828
99289828
3496543
93723936
62173132
78293584
20934683
94845588
94845588
41371602
92907248
77765207
77765207
77765207
35480699
18158393
40155014
40155014
77543769
62995268
53329234
64998567
#extra 
14307929
77313225
41924516
5800323
79415624
8841431
15982593
15982593
821049
13076804
80666118
58071334
46174776
85065943
17749468
!side 
102380
102380
102380
88901994
54693926
54693926
54693926
164710
164710
36458063
