#main 
22912101
22912101
22912101
58916810
58916810
58916810
84401954
84401954
84401954
11895663
85523502
85523502
85523502
71564252
48770333
48770333
67750322
67750322
67750322
59438930
59438930
24508238
24508238
24508238
37654623
37654623
37654623
64049762
64049762
64049762
433377
66236707
66236707
75652080
5318639
5318639
96474800
59921227
59921227
23526128
#extra 
45852939
46772449
40673853
12014404
63746411
76213610
64626565
64626565
64626565
5914858
73580471
98506199
98506199
15123983
54757758
!side 
10000080
10000080
102380
102380
8267140
8267140
8267140
53778229
53778229
53778229
27581098
27581098
27581098
164710
164710
