#main 
22912101
22912101
22912101
58916810
58916810
58916810
84401954
84401954
84401954
11895663
85523502
85523502
85523502
48770333
53754391
67750322
67750322
67750322
42141493
42141493
37654623
37654623
37654623
64049762
64049762
64049762
433377
433377
51869363
51869363
21501961
21501961
21501961
5318639
5318639
5318639
59921227
59921227
59921227
23526128
#extra 
72309040
72309040
72309040
95506252
95506252
95506252
72444406
46772449
63746411
63746411
63746411
7894706
7894706
7894706
41209827
!side 
102380
102380
66236707
66236707
66236707
58570206
58570206
58570206
53778229
53778229
83266092
83266092
83266092
34694160
34694160
