#main 
19489718
56863746
56863746
69815951
22420202
22420202
60037599
60037599
96026108
96026108
96026108
97148796
33543890
22435424
22435424
22435424
14959144
37799519
52840598
67750322
67750322
67750322
41386308
95492061
95492061
52038441
52038441
59438930
97268402
97268402
24508238
94187078
94187078
94187078
22398665
22398665
22398665
60600126
60600126
60600126
98904974
#extra 
1174075
19369609
8491961
72971064
94641726
73580471
81020646
37675907
64880894
84664085
32646477
61775475
42110604
80321197
78693036
!side 
63014935
63014935
63014935
102380
102380
102380
13821299
13821299
13821299
43898403
43898403
43898403
97077563
97077563
97077563
