#main 
19434243
19434243
19434243
62991792
62991792
62991792
34761841
34761841
98396890
98396890
83445539
77360173
25784595
25784595
25784595
98806751
56838842
52589809
52589809
67750322
67750322
67750322
42141493
42141493
59438930
59438930
59438930
24508238
24508238
99398682
23008320
23008320
23008320
98173209
98173209
98173209
35480699
35480699
25789292
17269895
#extra 
67809530
70902743
70902743
70902743
9753964
36857073
87451661
30698243
99585850
97489701
97489701
66141736
66141736
27572350
87837090
!side 
28674152
28674152
28674152
53129443
5318639
5318639
5318639
7811875
7811875
7811875
54974237
54974237
54974237
65703851
50056656
