#main 
22912101
22912101
58916810
58916810
85523502
85523502
84401954
84401954
84401954
11895663
23856331
50251045
50251045
50251045
96345184
96345184
96345184
59138498
59138498
59138498
22734799
67750322
67750322
67750322
37654623
37654623
64049762
64049762
64049762
65861210
65861210
1259915
1259915
1259915
38776201
38776201
38776201
7044562
7044562
7044562
50147815
59921227
59921227
59921227
23526128
#extra 
7894706
88177324
68396121
70636044
6983839
71222868
71222868
48608796
8491961
72971064
33909817
66523544
92359409
26096328
49032236
!side 
48770333
28674152
10000080
10000080
102380
102380
5318639
43898403
64697431
27581098
10813327
10813327
34694160
34694160
34694160
