#main 
23856331
23856331
50251045
50251045
50251045
96345184
96345184
96345184
59138498
59138498
59138498
22734799
17350692
17350692
42141493
42141493
84192580
84192580
59438930
59438930
24508238
24508238
3717252
65861210
65861210
1259915
1259915
1259915
38776201
38776201
38776201
58570206
21501961
21501961
25789292
25789292
86132414
86132414
86132414
50147815
#extra 
7894706
7894706
8491961
80843006
90162951
92359409
38354018
49032236
26096328
56910167
3814632
87676171
95506252
95506252
37910722
!side 
53129443
5318639
5318639
12923641
12923641
12923641
5728014
96474800
54974237
4931121
4931121
96004535
96004535
