#main 
55697723
55697723
55697723
613013
613013
613013
90315086
61496006
7150545
81096431
55063751
6625096
6625096
6625096
12975671
12975671
12975671
42141493
42141493
42141493
80893872
80893872
80893872
64697431
64697431
64697431
53129443
53129443
19613556
19613556
19613556
24299458
24299458
24299458
25789292
25789292
25789292
98476659
98476659
32764863
#extra 
46956301
46956301
7628844
7628844
49221191
65676461
65676461
33113958
33113958
67557908
67557908
94942656
94942656
94380860
1269512
!side 
8233522
8233522
8233522
67750322
67750322
67750322
46565218
46565218
46565218
43898403
43898403
43898403
75652080
75652080
75652080
