#main 
61980241
61980241
61980241
38648860
25592142
25592142
24779554
98385955
98385955
60145298
23151193
67750322
67750322
42141493
42141493
42141493
84192580
97268402
99289828
93723936
78293584
17782288
17782288
17782288
71275181
71275181
71275181
33907039
33907039
33907039
15693423
15693423
15693423
18158393
83626916
54171327
54171327
54171327
53329234
64998567
#extra 
77313225
41924516
5800323
79415624
42410161
81797573
81797573
55393975
28904860
28904860
21281085
52445243
821049
50954680
58071334
!side 
53765052
93332803
93332803
82385847
90173539
90173539
90173539
12923641
12923641
12923641
39881252
24081957
7811875
7811875
7811875
