#main 
50251045
50251045
50251045
96345184
96345184
96345184
23856331
22734799
59138498
59138498
59138498
81035362
66540884
19000848
24088928
44001993
44694191
2501624
2501624
2501624
2333466
102380
102380
102380
65861210
65861210
1259915
1259915
1259915
38776201
38776201
38776201
7044562
7044562
7044562
33599853
71593652
82997779
82997779
25224340
25224340
25224340
79791878
78679226
78679226
78679226
22283204
50147815
5168381
8038143
#extra 
7894706
45409943
85059922
59400890
28143384
66532962
61775475
22984000
70636044
73445448
88177324
93854893
44698398
71100270
48608796
!side 
10000080
10000080
10000080
78783557
78783557
78783557
34267821
34267821
34267821
8267140
8267140
8267140
75364199
75364199
75364199
