#main 
59138498
59138498
59138498
23856331
96345184
96345184
96345184
50251045
50251045
50251045
22734799
31464658
66540884
66540884
24088928
24088928
24088928
44001993
19000848
19000848
19000848
81035362
81035362
81035362
78077209
10000080
10000080
10000080
42141493
42141493
42141493
65861210
38776201
38776201
38776201
33599853
7044562
7044562
7044562
71593652
22283204
82997779
82997779
82997779
50147815
5168381
#extra 
7894706
7894706
59400890
45409943
66532962
85059922
28143384
61775475
48608796
94151981
71100270
93854893
3814632
26096328
70636044
!side 
26084285
26084285
26084285
102380
102380
102380
51706604
51706604
51706604
43898403
43898403
43898403
66236707
66236707
66236707
