#main 
96345184
96345184
96345184
50251045
50251045
50251045
23856331
59138498
59138498
59138498
22734799
81035362
81035362
81035362
19000848
66540884
24088928
24088928
24088928
44001993
44694191
24508238
38776201
38776201
38776201
1259915
1259915
1259915
65861210
33599853
7044562
7044562
7044562
71593652
25224340
82997779
98476659
98476659
50147815
5168381
#extra 
7894706
45409943
28143384
66532962
61775475
22984000
70636044
26556950
92517928
64626565
93854893
71100270
8491961
48608796
58058134
!side 
10000080
10000080
10000080
102380
102380
102380
26084285
26084285
26084285
8267140
8267140
8267140
75652080
75652080
51706604
