#main 
22912101
22912101
22912101
58916810
58916810
58916810
84401954
84401954
84401954
11895663
11895663
11895663
85523502
85523502
85523502
18738846
18738846
48770333
48770333
48770333
102380
102380
49238328
49238328
51869363
51869363
35726888
37654623
37654623
37654623
64049762
64049762
64049762
433377
433377
433377
59921227
59921227
59921227
23526128
#extra 
93053159
72272462
92892239
3544583
97800311
97800311
97800311
98502113
10136446
26593852
47674738
5041348
82633039
75083197
78144171
!side 
78783557
78783557
78783557
9822220
9822220
5318639
5318639
43898403
43898403
66236707
66236707
66236707
42091632
42091632
42091632
