#main 
11895663
84401954
84401954
84401954
58916810
58916810
58916810
22912101
22912101
22912101
85523502
85523502
85523502
18738846
48770333
59438930
59438930
5318639
5318639
5318639
25789292
25789292
25789292
49238328
49238328
37654623
37654623
37654623
64049762
64049762
64049762
433377
433377
433377
59921227
59921227
23526128
42091632
42091632
42091632
#extra 
44508094
9348522
87188910
13455674
86682165
78693036
76213610
84013237
84013237
6983839
6983839
40673853
40673853
40673853
76213610
!side 
10000080
10000080
10000080
78783557
78783557
102380
102380
67750322
67750322
67750322
8267140
8267140
8267140
51706604
51706604
