#main 
85523502
85523502
85523502
22912101
22912101
22912101
58916810
58916810
58916810
11895663
84401954
84401954
84401954
91800273
91800273
91800273
102380
102380
102380
433377
433377
433377
64049762
64049762
64049762
37654623
37654623
37654623
25789292
25789292
66236707
66236707
66236707
5318639
5318639
5318639
59921227
59921227
59921227
23526128
#extra 
52352005
52352005
80108118
80108118
2203790
2203790
57288064
26326541
26326541
26326541
3410461
41373230
41373230
41373230
46772449
!side 
78783557
78783557
78783557
46502744
70485614
70485614
70485614
75652080
75652080
34694160
34694160
34694160
65703851
65703851
65703851
