#main 
58143852
55461744
55461744
23076639
23076639
23076639
28954097
28954097
28954097
21637502
95132593
32759190
18321034
95365081
95365081
95365081
24088928
44001993
46565218
46565218
42141493
42141493
42141493
84192580
84192580
84192580
63136489
63136489
63136489
57809669
20415050
20415050
20415050
33599853
89558743
89558743
8267140
8267140
29792472
93294363
#extra 
11321089
43227
46174776
9785661
30138615
94410955
67021206
67021206
31411835
38264974
69601012
69601012
1769875
71100270
45935145
!side 
68144894
68144894
68144894
78783557
78783557
28674152
28674152
89558743
5318639
5318639
54261514
54261514
54261514
53129443
53129443
