#main 
86937530
86937530
86937530
19144622
55623480
40041559
57294268
57294268
57294268
86120751
86120751
10673071
875572
84288367
84288367
96228804
96228804
96228804
24508238
24508238
97268402
97268402
59438930
59438930
67750322
67750322
67750322
63926180
63926180
63926180
37432075
37432075
74063034
47679935
47679935
56725612
82119326
82119326
19326613
34041788
8267140
8267140
#extra 
27632520
74689476
46772449
4026187
78021082
80843006
66532962
37260677
11270236
97300502
70383419
75286621
43989315
49513164
33166263
!side 
26084285
26084285
26084285
34267821
34267821
46565218
46565218
46565218
78783557
78783557
78783557
34041788
86319972
65703851
65703851
