#main 
75003700
75003700
75003700
1498449
44482554
44482554
44482554
70871153
70871153
70871153
84477320
84477320
84477320
7375867
44994712
44994712
44994712
18595008
44932065
79109599
79109599
79109599
67750322
67750322
67750322
32548318
32548318
89176044
89176044
89176044
24094653
24094653
24094653
25789292
25789292
25789292
6153210
80208225
69932023
5431722
#extra 
33760966
79755671
42125140
42125140
69946549
13735899
89851827
72578374
41209827
80843006
41578483
66787942
73580471
6560411
50954680
!side 
102380
102380
102380
10000080
10000080
10000080
68144894
68144894
68144894
34694160
34694160
34694160
65703851
65703851
65703851
