#main 
59138498
59138498
59138498
96345184
96345184
96345184
23856331
50251045
50251045
50251045
22734799
24088928
44001993
19000848
81035362
31464658
31464658
3717252
59438930
59438930
59438930
24508238
24508238
24508238
102380
102380
102380
38776201
38776201
38776201
1259915
1259915
1259915
65861210
65861210
33599853
71593652
7044562
7044562
7044562
50147815
#extra 
7894706
32467459
45409943
28143384
66532962
61775475
21281085
72971064
8491961
92661479
71100270
38495396
70636044
87676171
101303084
!side 
78783557
78783557
78783557
77723643
67750322
67750322
44394295
44394295
44394295
8267140
8267140
8267140
34694160
34694160
34694160
