#main 
99471856
99471856
99471856
83443619
83443619
83443619
3422200
3422200
3422200
56049970
25865565
20050865
29838323
13597785
13597785
13597785
59581480
59581480
59581480
85976588
12375297
42141493
42141493
84192580
84192580
31552317
64491754
64491754
64491754
31834488
31834488
31834488
33017964
33017964
8267140
8267140
54261514
54261514
53829527
24092792
#extra 
42302563
47736165
39964797
13455674
33158448
15982593
40509732
73580471
50954680
69191257
37675907
42110604
30983281
78693036
61775475
!side 
55063751
55063751
55063751
99193444
99193444
99193444
37104630
67750322
51706604
51706604
8267140
33017964
99274184
18158393
18158393
