#main 
95365081
95365081
95365081
18321034
18321034
18321034
32759190
32759190
32759190
95132593
21637502
68144894
68144894
58143852
58143852
58143852
28954097
28954097
28954097
92565383
55461744
23076639
23076639
23076639
67750322
67750322
67750322
24508238
24508238
57809669
20415050
20415050
20415050
63136489
63136489
63136489
25224340
25224340
29792472
93294363
#extra 
94410955
67021206
67021206
67021206
31411835
38264974
69601012
69601012
1769875
1769875
!side 
21637502
95132593
54693926
54693926
