#main 
37343995
37343995
37343995
16474916
16474916
16474916
43863925
43863925
43863925
79858629
5352328
5352328
9627299
9627299
9627299
16889337
67972302
67972302
91800273
91800273
24508238
24508238
52335937
52335937
52335937
77913594
77913594
77913594
30802207
1372887
98045062
98045062
98045062
8267140
8267140
8267140
54693926
54693926
197042
77891946
#extra 
73964868
6983839
59242457
59242457
77675029
77675029
42741437
42741437
78135071
78135071
41524885
41524885
41524885
5530780
5530780
!side 
46565218
46565218
81674782
81674782
81674782
37520316
37520316
37520316
4064256
1372887
1372887
83266092
83266092
83266092
