#main 
34541940
34541940
34541940
60946049
60946049
97434754
97434754
23829452
23829452
95515789
97556336
97556336
74733322
74733322
74733322
37517035
1122030
1122030
1122030
74011784
74011784
74011784
25789292
25789292
25789292
35480699
35480699
6498706
6498706
6498706
54693926
54693926
53129443
53129443
8267140
5318639
5318639
21720439
44654994
23599634
#extra 
27184601
27184601
74631897
53589300
43227
43227
89851827
13243124
87758525
13735899
46396218
24915933
53971455
44508094
73580471
!side 
67750322
43898403
5318639
5758500
98045062
98045062
98045062
78474168
78474168
78474168
75364199
34694160
58120309
58120309
69452756
