#main 
22912101
22912101
22912101
58916810
58916810
58916810
84401954
84401954
84401954
11895663
11895663
85523502
85523502
85523502
18738846
18738846
48770333
37654623
37654623
37654623
64049762
64049762
64049762
433377
433377
433377
35726888
35726888
49238328
98476659
5318639
5318639
5318639
25789292
25789292
25789292
59921227
59921227
59921227
23526128
#extra 
7894706
7894706
83656563
83656563
59531356
59531356
72444406
98506199
40673853
94380860
63746411
6983839
61399402
46772449
55285840
!side 
102380
102380
102380
67750322
67750322
67750322
75652080
75652080
66236707
66236707
69279219
69279219
82956214
82956214
82956214
