#main 
59138498
59138498
59138498
96345184
96345184
96345184
50251045
50251045
50251045
23856331
17350692
22734799
41406613
41406613
41406613
34230233
34968834
81035362
19000848
77723643
24508238
24508238
65861210
65861210
7044562
7044562
7044562
38776201
38776201
38776201
1259915
1259915
1259915
8267140
8267140
8267140
25789292
25789292
25789292
71593652
50147815
#extra 
45445571
45409943
80843006
69946549
32467459
7894706
72971064
19369609
8491961
56410769
93854893
49032236
87676171
70636044
26096328
!side 
29726552
28674152
48770333
99330325
99330325
99330325
12923641
12923641
12923641
44394295
44394295
44394295
41420027
41420027
41420027
