#main 
37343995
37343995
37343995
16474916
16474916
16474916
43863925
43863925
5352328
5352328
79858629
79858629
9627299
9627299
9627299
67972302
16889337
91800273
91800273
91800273
48393693
48393693
25789292
25789292
25789292
77913594
77913594
77913594
52335937
52335937
30802207
4408198
53129443
53129443
53129443
5318639
5318639
5318639
197042
77891946
#extra 
59242457
59242457
77675029
77675029
77675029
42741437
42741437
78135071
78135071
41524885
41524885
5530780
5530780
45852939
46772449
!side 
10000011
10000080
10000080
10000080
59494222
59494222
59494222
69279219
69279219
69279219
65703851
65703851
65703851
96004535
96004535
