#main 
86120751
86120751
86120751
57294268
57294268
57294268
84288367
84288367
84288367
10673071
36956512
29726552
93332803
48770333
67750322
67750322
67750322
59438930
59438930
73642296
24508238
24508238
47679935
47679935
47679935
37432075
37432075
37432075
74063034
74063034
63926180
63926180
63926180
48130397
48130397
5318639
5318639
25789292
25789292
86319972
#extra 
33166263
33166263
11270236
6772168
38423248
75286621
70383419
49513164
97300502
43989315
66532962
54757758
11765832
80843006
71222868
!side 
97940434
97940434
97940434
69279219
69279219
69279219
99330325
99330325
99330325
74003290
74003290
74003290
10813327
10813327
10813327
