#main 
25865565
3422200
3422200
3422200
83443619
83443619
83443619
29838323
56049970
20050865
99471856
99471856
99471856
13597785
13597785
13597785
59581480
59581480
59581480
85976588
12375297
67750322
67750322
67750322
59438930
59438930
24508238
24508238
24508238
31552317
64491754
64491754
64491754
21501961
21501961
25789292
25789292
25789292
53829527
24092792
#extra 
15982593
78693036
86682165
69191257
50954680
30983281
73580471
33158448
42110604
37675907
42302563
13455674
47736165
47736165
39964797
!side 
78783557
78783557
78783557
99193444
99193444
99193444
37104630
8267140
43898403
43898403
69279219
69279219
99274184
18158393
18158393
