#main 
55461744
23076639
23076639
23076639
28954097
28954097
28954097
97462632
97462632
97462632
24088928
24088928
70405001
44001993
44694191
23151193
60145298
53765052
68144894
46565218
97940434
97940434
97940434
67750322
67750322
59438930
63136489
63136489
63136489
33599853
75983808
25224340
78293584
89558743
89558743
89558743
24094653
25789292
24749710
64998567
#extra 
1639384
93854893
79415624
41924516
5800323
11321089
43227
69946549
45445571
28143384
46174776
9785661
69601012
69601012
1769875
!side 
28674152
28674152
28674152
46565218
46565218
26084285
26084285
26084285
43898403
43898403
43898403
51706604
51706604
65703851
65703851
