#main 
75003700
75003700
75003700
84477320
84477320
84477320
7375867
1498449
70871153
70871153
70871153
44482554
44482554
44482554
44994712
44994712
44994712
18595008
44932065
79109599
79109599
79109599
67750322
67750322
67750322
28674152
84031359
89176044
89176044
89176044
24094653
24094653
24094653
48130397
25789292
32548318
6153210
5431722
80208225
69932023
#extra 
33760966
79755671
79755671
42125140
89851827
80843006
41578483
41209827
69946549
41763141
54757758
66787942
6560411
73580471
50954680
!side 
26084285
26084285
97940434
97940434
9822220
9822220
102380
102380
102380
69279219
80208225
14883228
14883228
14883228
34694160
