#main 
96345184
96345184
96345184
50251045
50251045
50251045
23856331
22734799
59138498
59138498
59138498
78077209
19000848
81035362
81035362
84031359
3717252
42141493
42141493
42141493
59438930
59438930
59438930
24508238
24508238
24508238
38776201
38776201
38776201
1259915
1259915
1259915
65861210
65861210
7044562
7044562
7044562
71593652
98829635
25789292
50147815
#extra 
7894706
32467459
45409943
45409943
80843006
28143384
45445571
38354018
49032236
3814632
87676171
9567495
95442074
27240101
8491961
!side 
84031359
84031359
67750322
67750322
77723643
66675911
44394295
44394295
44394295
25789292
51706604
51706604
51706604
8267140
8267140
