#main 
58916810
58916810
58916810
11895663
84401954
84401954
84401954
102380
102380
102380
22912101
22912101
22912101
48770333
85523502
85523502
85523502
49238328
49238328
64049762
64049762
64049762
433377
433377
433377
37654623
37654623
37654623
35726888
35726888
25789292
25789292
25789292
5318639
5318639
5318639
21501961
59921227
59921227
59921227
23526128
#extra 
82633039
1621413
93854893
12014404
12014404
91949988
91949988
91949988
25341652
80117527
80117527
80117527
84013237
56832966
28150174
!side 
78783557
78783557
78783557
81480461
65703851
65703851
29549364
29549364
29549364
27581098
27581098
27581098
34694160
34694160
34694160
