#main 
81684048
81684048
81684048
54077752
54077752
54077752
80461466
76352503
92964816
70595331
49828011
49828011
49828011
1855886
1855886
1855886
94801854
49959355
49959355
49959355
14558127
14558127
14558127
80749819
16734927
16734927
16734927
98045062
98045062
98045062
24299458
24299458
24299458
76798740
76798740
76798740
42138622
97077563
97077563
97077563
#extra 
38495396
32302078
9567495
19684740
21521304
76213610
76213610
76213610
17856505
17856505
93039339
43355214
43355214
45935145
45935145
!side 
39185163
66570171
67750322
67750322
67750322
94749594
94749594
94749594
69162969
69162969
69162969
4064256
20899496
20899496
20899496
