#main 
80538047
80538047
80538047
54143349
54143349
27755794
27755794
16922142
16922142
16922142
53927851
85315450
85315450
34242278
34242278
71736213
20508881
20508881
20508881
67115133
67115133
25940932
25940932
25940932
94103142
94103142
94103142
5318639
5318639
5318639
25789292
25789292
25789292
8267140
8267140
21501961
98045062
54261514
54261514
53813120
#extra 
47805931
85252081
97584719
2665273
67630394
75083197
9567495
57707471
94151981
80993256
71068247
26563200
16259549
33129626
15661378
!side 
78783557
78783557
78783557
27755794
102380
102380
102380
48770333
29726552
93332803
99330325
99330325
34694160
34694160
34694160
