#main 
15005145
15005145
42493140
42493140
96030710
97698279
89392810
16509007
16509007
16509007
12375297
13597785
13597785
13597785
59581480
59581480
59581480
85976588
24508238
24508238
24508238
42141493
42141493
42141493
27204311
27204311
33017964
33017964
33017964
54261514
54261514
41371602
41371602
92907248
77765207
77765207
77765207
99243014
99243014
99243014
64491754
24092792
40155014
#extra 
88170262
15665977
42302563
8841431
8841431
15982593
71858682
25862681
73580471
63261835
50954680
30983281
96633955
53971455
79415624
!side 
55063751
55063751
55063751
43898403
43898403
43898403
1372887
1372887
1372887
7811875
7811875
7811875
29549364
29549364
29549364
