#main 
33015627
33015627
33015627
28929131
8967776
8967776
52840267
52840267
84031359
7925734
33396948
70903634
7902349
44519536
8124921
50357013
50357013
50357013
83838727
54977057
54977057
54977057
93946239
93946239
93946239
43528009
70368879
70368879
70368879
87112784
1475311
1475311
1475311
64014615
85852291
85852291
85852291
55144522
98645731
89693655
#extra 
97051536
97051536
97051536
!side 
20450925
20450925
20450925
10000080
10000080
10000080
15866454
51790181
64014615
33017964
33017964
33017964
94016752
94016752
94016752
