#main 
97556336
97556336
34541940
34541940
60946049
60946049
60946049
97434754
23829452
23829452
95440947
95440947
94224458
31434645
31434645
31434645
74733322
74733322
74733322
37517035
1122030
1122030
1122030
74011784
74011784
74011784
20612097
20612097
20612097
22669793
20590515
20590515
20590515
93191801
93191801
93191801
15693423
15693423
23599634
44654994
#extra 
74631897
27184601
27184601
53589300
43143567
43143567
74889525
74889525
89851827
46772449
73964868
49032236
56910167
26096328
92359409
!side 
42141493
42141493
42141493
55063751
55063751
10000080
10000080
10000080
1372887
1372887
1372887
53129443
96474800
96474800
96474800
