#main 
37343995
37343995
37343995
16474916
16474916
16474916
5352328
5352328
43863925
43863925
79858629
9627299
9627299
67972302
67972302
67972302
91800273
91800273
91800273
8267140
33017964
33017964
33017964
53129443
53129443
53129443
7477101
7477101
7477101
77913594
77913594
77913594
52335937
52335937
52335937
77891946
197042
96004535
96004535
96004535
#extra 
46772449
82633039
45852939
2061963
78135071
42741437
42741437
5530780
5530780
41524885
41524885
77675029
77675029
59242457
59242457
!side 
5318639
5318639
5318639
51706604
51706604
51706604
42314669
42314669
42314669
81674782
81674782
81674782
29549364
29549364
29549364
