#main 
96570609
96570609
96570609
23064604
23064604
23064604
31596518
31596518
31596518
9748752
59463312
59463312
95457011
95457011
67584223
67584223
67584223
7166709
15735108
15735108
84171830
22842126
22842126
22842126
33609262
33609262
33609262
9283801
9283801
9283801
63899196
63899196
63899196
79844764
79844764
79844764
5795980
5795980
5795980
54241725
#extra 
!side 
95993388
95993388
60229110
73125233
27204311
27204311
33017964
15735108
43898403
43898403
43898403
15693423
15693423
15693423
59983249
