#main 
23064604
23064604
23064604
96570609
31596518
31596518
9748752
51945556
14556954
59463312
67584223
67584223
67584223
95457011
95457011
7166709
95679145
27204311
27204311
33609262
33609262
22842126
22842126
22842126
9283801
9283801
9283801
63899196
63899196
63899196
79844764
79844764
15735108
15735108
15735108
1984618
1984618
1984618
54241725
59983249
#extra 
65187687
41924516
9603252
52553102
52553102
17548456
72444406
98506199
3410461
45445571
81196066
59531356
83656563
11765832
40673853
!side 
26205777
28674152
28674152
28674152
5795980
39973386
39973386
39973386
12923641
12923641
12923641
2263869
2263869
2263869
18235309
