#main 
40177746
40177746
40177746
12500059
12500059
12500059
25550531
25550531
79933029
79933029
63542003
63542003
63542003
99937011
99937011
35405755
35405755
35405755
17266660
17266660
17266660
21074344
21074344
21074344
56700100
56700100
56700100
82105704
82105704
82105704
29599813
29599813
29599813
21347668
21347668
55584558
55584558
55584558
20212491
82983267
#extra 
89642993
27240101
48608796
72971064
33909817
24434049
24434049
98049934
98049934
52645235
52645235
62592805
62592805
51822687
83827392
!side 
94689635
94689635
94689635
102380
102380
102380
33017964
33017964
33017964
75652080
75652080
75652080
29549364
29549364
29549364
