#main 
34242278
34242278
34242278
54143349
54143349
80538047
80538047
80538047
27755794
27755794
16922142
16922142
16922142
53927851
85315450
1980574
12197223
12197223
12197223
20508881
94103142
94103142
25940932
25940932
25940932
67115133
67115133
67115133
35480699
35480699
5318639
5318639
5318639
19230408
19230408
19230408
54261514
54261514
54261514
53813120
#extra 
85252081
95992081
71068247
62709239
80993256
94151981
9567495
45935145
97584719
44508094
30983281
5041348
40139997
84664085
78693036
!side 
85315450
102380
102380
102380
34267821
34267821
34267821
71736213
71736213
33017964
33017964
33017964
81674782
81674782
81674782
