#main 
27755794
27755794
54143349
54143349
80538047
80538047
80538047
16922142
16922142
16922142
53927851
85315450
34242278
34242278
71736213
1980574
12197223
12197223
12197223
20508881
94103142
94103142
25940932
25940932
25940932
67115133
67115133
67115133
35480699
35480699
54261514
54261514
54261514
19230408
19230408
19230408
5318639
5318639
5318639
53813120
#extra 
16259549
95992081
85252081
71068247
62709239
80993256
94151981
81330115
9567495
45935145
21516908
44508094
30983281
84664085
78693036
!side 
102380
102380
102380
34267821
34267821
34267821
71736213
85315450
85315450
33017964
33017964
33017964
81674782
81674782
81674782
