#main 
62991792
62991792
62991792
98396890
98396890
83445539
83445539
34761841
77360173
19299793
19299793
19299793
56838842
19434243
19434243
19434243
25784595
25784595
25784595
98806751
58655504
42141493
42141493
42141493
24508238
24508238
24508238
27204311
27204311
27204311
98173209
98173209
98173209
23008320
23008320
23008320
99398682
50056656
5376159
17269895
#extra 
87837090
27572350
94641726
66141736
66141736
66141736
3294539
80666118
67809530
87451661
70902743
70902743
9753964
36857073
99585850
!side 
34267821
34267821
34267821
29726552
29726552
29726552
5318639
5318639
5318639
53129443
53129443
53129443
7811875
7811875
7811875
