#main 
21147203
21147203
73422829
73422829
73422829
92034192
92034192
92034192
59975920
59975920
59975920
85374678
12369277
12369277
12369277
58753372
58753372
58753372
66646087
66646087
66646087
40177746
17266660
17266660
17266660
21074344
21074344
21074344
27204311
27204311
27204311
75493362
75493362
10424147
72332074
98349765
98349765
98349765
35480699
35480699
35480699
39733924
#extra 
85252081
85252081
11646785
57031794
57031794
57450198
57450198
84025439
94151981
20145685
67630394
80117527
90448279
93039339
41522092
!side 
97940434
97940434
97940434
42314669
42314669
42314669
51706604
51706604
51706604
53129443
53129443
33017964
29549364
29549364
29549364
