#main 
22912101
22912101
22912101
58916810
58916810
58916810
84401954
84401954
84401954
11895663
85523502
85523502
85523502
66722103
97526666
48770333
24508238
24508238
37654623
37654623
37654623
64049762
64049762
64049762
433377
8267140
8267140
7477101
7477101
7477101
21501961
49238328
49238328
49238328
35726888
35726888
35726888
59921227
59921227
23526128
#extra 
63746411
63746411
63746411
68396121
68396121
2061963
2061963
40673853
46772449
72444406
72444406
5914858
98506199
83656563
59531356
!side 
78783557
78783557
78783557
13821299
13821299
13821299
102380
102380
102380
1372887
1372887
1372887
65703851
65703851
65703851
