#main 
86937530
86937530
86937530
19144622
19144622
40041559
40041559
40041559
875572
87003671
87003671
51618973
26674724
26674724
26674724
52846880
96228804
96228804
96228804
59438930
59438930
59438930
97268402
42141493
42141493
42141493
56725612
56725612
56725612
19326613
82119326
34041788
34041788
48130397
48130397
48130397
25789292
25789292
25789292
35480699
46411259
#extra 
11765832
66532962
80843006
54757758
69946549
84433295
4026187
4026187
78021082
37260677
65301952
46772449
27632520
27632520
74689476
!side 
24508238
24508238
24508238
46565218
46565218
46565218
51706604
95589901
53778229
64697431
64697431
64697431
34694160
34694160
34694160
