#main 
86937530
86937530
86937530
19144622
19144622
19144622
40041559
40041559
40041559
875572
51618973
87003671
87003671
26674724
26674724
26674724
52846880
96228804
96228804
96228804
27204311
27204311
27204311
84192580
84192580
84192580
59438930
59438930
59438930
24508238
24508238
24508238
56725612
56725612
56725612
19326613
82119326
34041788
48130397
48130397
#extra 
11765832
66532962
80843006
54757758
69946549
84433295
4026187
4026187
78021082
37260677
65301952
46772449
27632520
27632520
74689476
!side 
46565218
46565218
46565218
8267140
8267140
8267140
53129443
21501961
53778229
34694160
34694160
34694160
96004535
96004535
96004535
