#main 
22912101
22912101
22912101
58916810
58916810
58916810
84401954
84401954
84401954
11895663
85523502
85523502
85523502
17350692
22734799
50251045
50251045
50251045
23856331
59138498
59138498
59138498
96345184
96345184
96345184
48770333
97526666
24508238
37654623
37654623
37654623
64049762
64049762
64049762
433377
65861210
65861210
1259915
1259915
1259915
38776201
38776201
38776201
7044562
7044562
7044562
35480699
35480699
35480699
8267140
8267140
8267140
7477101
7477101
7477101
50147815
23526128
59921227
59921227
59921227
#extra 
7894706
3410461
80843006
69946549
48608796
8491961
63746411
88177324
68396121
38354018
56910167
92359409
26096328
6983839
70636044
!side 
10000080
10000080
10000080
102380
102380
102380
51706604
51706604
51706604
64697431
64697431
64697431
82105704
82105704
82105704
