#main 
1498449
75003700
75003700
75003700
84477320
7375867
70871153
44482554
86937530
86937530
86937530
19144622
19144622
19144622
40041559
875572
96228804
96228804
3717252
77723643
4939890
423585
42141493
42141493
42141493
27204311
6153210
32548318
34041788
19326613
82119326
82119326
82119326
56725612
56725612
56725612
44394295
44394295
44394295
80208225
69932023
5431722
#extra 
79755671
79755671
42125140
78021082
4026187
4026187
32467459
84433295
37260677
66532962
13735899
89851827
80843006
74689476
27632520
!side 
36956512
29726552
28674152
25789292
25789292
25789292
99330325
99330325
5318639
5318639
53778229
53778229
81489939
81489939
81489939
