#main 
85523502
85523502
85523502
22912101
22912101
22912101
58916810
58916810
58916810
84401954
84401954
84401954
11895663
11895663
48770333
18738846
102380
102380
102380
59438930
59438930
433377
433377
37654623
37654623
37654623
64049762
64049762
64049762
49238328
49238328
19230408
19230408
21501961
21501961
59921227
59921227
23526128
42091632
42091632
#extra 
66889139
11852093
80516007
80516007
80516007
40509732
40509732
76913983
31603289
31603289
94119480
84013237
75367227
62592805
33909817
!side 
67750322
67750322
67750322
12580477
12580477
12580477
1372887
1372887
5318639
5318639
43898403
43898403
65703851
65703851
65703851
