#main 
58916810
58916810
58916810
11895663
11895663
84401954
84401954
84401954
22912101
22912101
22912101
85523502
85523502
85523502
18738846
102380
59438930
24508238
24508238
24508238
64049762
64049762
64049762
433377
433377
37654623
37654623
37654623
21501961
21501961
49238328
35726888
35726888
69279219
5318639
5318639
59921227
59921227
59921227
23526128
#extra 
16507828
25655502
2504891
31339260
90660762
5368615
32355828
89112729
37421579
57288064
26326541
48882106
48882106
48882106
109401
!side 
78783557
78783557
1372887
1372887
1372887
66236707
66236707
66236707
75652080
75652080
69279219
164710
65703851
65703851
65703851
