#main 
56863746
56863746
56863746
69815951
14959144
22435424
22435424
22435424
97148796
33543890
60037599
60037599
60037599
22420202
22420202
22420202
96026108
96026108
96026108
24508238
41386308
41386308
22398665
58793369
58793369
94187078
94187078
94187078
60600126
60600126
60600126
51697825
51697825
51697825
35480699
35480699
35480699
31834488
31834488
31834488
#extra 
90448279
64626565
20145685
1269512
72167543
72167543
65305468
33909817
7020743
27240101
8491961
19369609
48608796
72971064
1174075
!side 
95209656
16435215
16435215
16435215
66236707
66236707
66236707
43898403
43898403
43898403
51706604
51706604
96004535
96004535
96004535
