#main 
70871153
70871153
70871153
44482554
44482554
44482554
75003700
75003700
75003700
7375867
84477320
1498449
44994712
44994712
44994712
18595008
44932065
79109599
79109599
79109599
67750322
67750322
67750322
25789292
25789292
8267140
8267140
89176044
89176044
89176044
10218411
24094653
24094653
24094653
32548318
32548318
6153210
5431722
80208225
69932023
#extra 
33760966
79755671
79755671
42125140
89851827
13735899
80843006
41578483
41209827
69946549
85899505
66787942
6560411
73580471
50954680
!side 
46565218
46565218
29726552
28674152
63941210
99330325
99330325
5318639
5318639
5318639
43898403
43898403
8951260
8951260
34694160
