#main 
82159583
82159583
82159583
42759961
42759961
42759961
85315450
85315450
63542003
63542003
99937011
92107604
92107604
92107604
31562086
31562086
31562086
30430448
30430448
30430448
68957034
68957034
68957034
94445733
94445733
94445733
67835547
67835547
67835547
5318639
20508881
20508881
20448151
20448151
20448151
83232904
83232904
57847269
6547248
70058649
#extra 
31533473
31533473
31533473
93172951
93172951
93172951
91237821
91237821
91237821
98049934
98049934
24434049
52645235
51822687
51822687
!side 
55063751
55063751
55063751
12923641
12923641
12923641
53129443
53129443
53129443
33017964
33017964
14883228
14883228
14883228
7811875
