#main 
22734799
23856331
23856331
50251045
50251045
50251045
96345184
96345184
96345184
59138498
59138498
59138498
24088928
24088928
44001993
19000848
31464658
31464658
31464658
66540884
81035362
44694191
59438930
59438930
59438930
7044562
7044562
7044562
25224340
25224340
25224340
82997779
82997779
82997779
71593652
33599853
38776201
38776201
38776201
1259915
1259915
1259915
65861210
65861210
50147815
5168381
#extra 
66532962
28143384
45409943
7894706
7894706
61775475
70636044
22984000
92517928
93854893
92661479
71100270
9567495
58058134
48608796
!side 
26084285
26084285
26084285
34267821
34267821
34267821
10000080
10000080
10000080
51706604
51706604
51706604
75652080
75652080
75652080
