#main 
59138498
59138498
59138498
96345184
96345184
96345184
50251045
50251045
50251045
23856331
23856331
22734799
78077209
44694191
19000848
45659520
76978105
30583090
13650422
50720316
28954097
28954097
28954097
23076639
23076639
23076639
55461744
24088928
44001993
24508238
59438931
59438931
42141493
42141493
67750322
67750322
67750322
89558743
89558743
89558743
7044562
7044562
7044562
71593652
33599853
63136489
63136489
1259915
1259915
1259915
65861210
65861210
38776201
38776201
38776201
3519195
77124096
94820406
39613288
50147815
#extra 
13708888
86165817
58332301
59893882
69601012
1769875
7894706
45409943
46174776
45445571
28143384
30138615
70636044
48608796
92517928
!side 
34267821
34267821
34267821
102380
102380
102380
78783557
78783557
78783557
10000080
10000080
66236707
66236707
66236707
98476659
