#main 
33302589
33302589
60700283
60700283
79210531
79210531
79210531
42822433
82913020
78358521
2273734
51831560
51831560
35622739
67972302
67972302
67972302
59438930
59438930
17266660
17266660
17266660
21074344
21074344
21074344
24508238
24508238
24508238
67750322
67750322
67750322
10125011
10125011
69678646
69678646
69678646
18205590
75493362
75493362
75493362
#extra 
41522092
2407234
31086840
77571454
86331741
45852939
46772449
58858807
58858807
32289031
56638325
9272381
6195332
38495396
26329679
!side 
26084285
26084285
26084285
43898403
43898403
43898403
69279219
69279219
69279219
96004535
96004535
68630939
34694160
34694160
34694160
