#main 
57294268
57294268
57294268
86120751
84288367
84288367
10673071
19000848
17350692
81035362
22734799
23856331
23856331
96345184
96345184
96345184
50251045
50251045
50251045
59138498
59138498
59138498
10000080
10000080
10000080
38776201
38776201
38776201
65861210
65861210
1259915
1259915
1259915
7044562
7044562
7044562
74063034
37432075
37432075
71593652
63926180
63926180
63926180
50147815
#extra 
7894706
7894706
70383419
28143384
33166263
11270236
11270236
75286621
43989315
45409943
66532962
61775475
101303084
58058134
70636044
!side 
26084285
26084285
26084285
67750322
67750322
67750322
34267821
34267821
78783557
78783557
78783557
64697431
64697431
64697431
86319972
