#main 
58916810
58916810
58916810
11895663
11895663
84401954
84401954
84401954
22912101
22912101
22912101
85523502
85523502
85523502
18738846
48770333
24508238
59438930
59438930
59438930
102380
102380
49238328
49238328
64049762
64049762
64049762
433377
433377
433377
37654623
37654623
37654623
8267140
8267140
8267140
59921227
59921227
59921227
23526128
#extra 
58071334
58071334
58071334
37440988
37440988
84544192
85672957
62873545
14017402
40080312
55171412
88820235
66532962
66532962
97800311
!side 
78783557
67750322
67750322
67750322
26084285
26084285
21501961
65703851
65703851
34694160
34694160
27581098
27581098
27581098
42091632
