#main 
28954097
28954097
28954097
23076639
23076639
23076639
55461744
84288367
84288367
84288367
57294268
57294268
10673071
60145298
23151193
68144894
68144894
68144894
67750322
67750322
67750322
42141493
42141493
42141493
59438930
24508238
24508238
24508238
63136489
63136489
63136489
37432075
37432075
63926180
63926180
63926180
78293584
89558743
89558743
64998567
#extra 
79415624
41924516
30138615
87758525
85065943
46174776
46396218
33166263
33166263
11270236
70383419
43989315
66532962
69601012
1769875
!side 
53765052
97940434
97940434
48770333
36956512
28674152
99330325
99330325
99330325
24081957
43898403
43898403
75364199
75364199
75364199
