#main 
86120751
86120751
86120751
57294268
57294268
57294268
84288367
84288367
84288367
10673071
97682931
97682931
97682931
42141493
42141493
42141493
73642296
73642296
59438930
59438930
59438930
67750322
67750322
67750322
47679935
47679935
47679935
63926180
63926180
63926180
74063034
74063034
37432075
37432075
25789292
25789292
54261514
54261514
21501961
86319972
#extra 
33166263
33166263
11270236
6772168
75286621
38423248
97300502
70383419
12307878
43989315
43989315
49513164
66532962
50954680
73580471
!side 
48770333
93332803
36956512
99330325
99330325
99330325
43898403
43898403
43898403
53778229
53778229
53778229
75364199
75364199
75364199
