#main 
10802915
10802915
10802915
81035362
19000848
97462632
97462632
97462632
14965712
14965712
88570003
88570003
88570003
24088928
24088928
67750322
67750322
67750322
44001993
70405001
44694191
25224340
25224340
25224340
71593652
33599853
33599853
2372506
75983808
31834488
31834488
31834488
21501961
21501961
43898403
43898403
54261514
54261514
39733924
24749710
#extra 
75367227
78156759
16237004
94151981
1269512
20145685
99469936
67630394
92661479
15561463
38495396
93854893
45445571
28143384
45409943
!side 
33145233
28674152
28674152
93332803
36956512
99330325
99330325
99330325
34694160
34694160
34694160
1637760
1637760
1637760
22634473
