#main 
66646087
66646087
66646087
58753372
58753372
58753372
73422829
73422829
73422829
92034192
92034192
59975920
59975920
12369277
12369277
12369277
85374678
23856331
50251045
50251045
96345184
96345184
96345184
59138498
59138498
59138498
22734799
21147203
21147203
21147203
10424147
98349765
98349765
98349765
38776201
38776201
38776201
65861210
65861210
72332074
1259915
1259915
1259915
35480699
35480699
35480699
8267140
8267140
8267140
50147815
#extra 
7894706
57450198
57450198
11646785
85252081
85252081
57031794
84025439
38354018
56910167
92359409
26096328
80117527
72971064
87676171
!side 
78783557
78783557
78783557
90361289
45116390
21501961
25789292
25789292
25789292
29549364
29549364
29549364
34694160
34694160
34694160
