#main 
23856331
50251045
50251045
50251045
96345184
96345184
96345184
59138498
59138498
59138498
22734799
44694191
44001993
24088928
24088928
24088928
19434243
25784595
98396890
62991792
62991792
59438930
59438930
59438930
10000080
10000080
10000080
38776201
38776201
38776201
65861210
65861210
7044562
7044562
7044562
98173209
98173209
98173209
33599853
25224340
25224340
25224340
43898403
43898403
43898403
50147815
17269895
15693423
15693423
15693423
#extra 
93125329
87837090
67809530
3294539
87451661
70902743
70902743
61775475
94641726
7894706
83656563
59531356
40673853
40673853
48608796
!side 
55878038
78783557
78783557
102380
102380
1372887
1372887
1372887
2263869
2263869
2263869
69279219
69279219
69279219
