#main 
37343995
37343995
37343995
16474916
16474916
16474916
43863925
43863925
5352328
5352328
79858629
9627299
16889337
67972302
48393693
48393693
48393693
59438930
59438930
43898403
43898403
43898403
14087893
14087893
14087893
25789292
25789292
25789292
23153227
23153227
7477101
77913594
77913594
77913594
52335937
52335937
197042
77891946
15693423
15693423
#extra 
59242457
59242457
77675029
77675029
77675029
42741437
42741437
78135071
78135071
41524885
5530780
46772449
6983839
2061963
!side 
29726552
29726552
29726552
67750322
67750322
