#main 
98385955
98385955
98385955
24779554
25592142
25592142
25592142
61980241
61980241
61980241
38648860
60145298
60145298
23151193
65504487
69925461
93723936
99289828
3496543
78293584
24878656
24878656
24878656
33907039
33907039
33907039
25789292
25789292
25789292
35480699
35480699
35480699
8267140
8267140
5318639
64998567
53329234
15693423
15693423
15693423
#extra 
58071334
30138615
14307929
77313225
41924516
5800323
79415624
42566602
15982593
821049
5041348
21281085
92744676
84664085
15665977
!side 
46565218
46565218
46565218
29726552
12923641
12923641
12923641
69279219
69279219
51706604
51706604
5318639
5318639
62995268
18158393
