#main 
25592142
25592142
25592142
61980241
61980241
61980241
38648860
24779554
98385955
98385955
98385955
60145298
23151193
65504487
69925461
67750322
67750322
67750322
99289828
99289828
3496543
93723936
78293584
24878656
24878656
24878656
33907039
33907039
33907039
8267140
8267140
8267140
14087893
35480699
35480699
25789292
25789292
25789292
64998567
53329234
15693423
15693423
15693423
#extra 
58071334
30138615
5800323
41924516
77313225
14307929
79415624
92744676
15665977
42566602
821049
5041348
84664085
21281085
15982593
!side 
53765052
29726552
29726552
29726552
5318639
5318639
5318639
12923641
12923641
12923641
24081957
21501961
26334139
62995268
18158393
