#main 
34541940
34541940
60946049
60946049
97434754
97434754
23829452
23829452
97556336
97556336
95515789
27204311
27204311
27204311
74733322
74733322
74733322
1122030
1122030
74011784
74011784
37517035
25789292
25789292
25789292
96864811
96864811
96864811
6498706
6498706
6498706
54693926
54693926
54693926
43898403
43898403
43898403
21501961
44654994
23599634
#extra 
27184601
27184601
74631897
53589300
24915933
13735899
89851827
69946549
3410461
72272462
81196066
83531441
61399402
44508094
93125329
!side 
63941210
63941210
34267821
34267821
53129443
53129443
53129443
1372887
1372887
38761908
38761908
50078509
50078509
77538567
77538567
