#main 
58916810
58916810
58916810
84401954
84401954
84401954
22912101
22912101
22912101
85523502
85523502
85523502
11895663
11895663
102380
102380
102380
18738846
18738846
48770333
64049762
64049762
64049762
433377
433377
433377
37654623
37654623
37654623
5318639
5318639
5318639
35726888
35726888
49238328
49238328
59921227
59921227
59921227
23526128
#extra 
31533473
31533473
31533473
31411835
31411835
31411835
78021082
78021082
66787942
91237821
91237821
64626565
64626565
64626565
15778492
!side 
78783557
78783557
34267821
34267821
34267821
66236707
66236707
66236707
54261514
54261514
54261514
51706604
51706604
42091632
42091632
