#main 
13597785
13597785
13597785
12375297
59581480
85976588
89392810
16509007
9674034
9674034
9674034
90241276
90241276
45663742
45663742
48452496
27260347
9742784
67750322
67750322
67750322
59438930
59438930
94145021
94145021
64491754
64491754
99243014
99243014
99243014
24081957
89023486
53639887
25789292
25789292
25789292
51405049
51405049
51405049
24092792
#extra 
42302563
15665977
88170262
42781164
286392
21281085
73580471
50954680
87188910
50091196
87837090
5041348
40139997
58071334
93854893
!side 
78783557
78783557
78783557
46565218
46565218
29726552
54261514
54261514
54261514
51706604
51706604
51706604
20899496
20899496
20899496
