#main 
95365081
95365081
95365081
18321034
68144894
95132593
57294268
55461744
45659520
76978105
44694191
84288367
10673071
28954097
28954097
28954097
23076639
23076639
23076639
42141493
42141493
84192580
84192580
20415050
25224340
25224340
25224340
63136489
63136489
63136489
35480699
35480699
94820406
37432075
63926180
63926180
63926180
25789292
25789292
25789292
29792472
#extra 
11270236
70383419
43989315
33166263
69601012
69601012
1769875
38264974
11321089
43227
32467459
31411835
67021206
67021206
38495396
!side 
32759190
77723643
67750322
67750322
53765052
44394295
44394295
44394295
69279219
69279219
69279219
8267140
8267140
8267140
93294363
