#main 
19434243
19434243
19434243
62991792
62991792
62991792
98396890
98396890
77360173
83445539
25784595
25784595
25784595
56838842
89392810
16509007
16387555
43904702
67750322
98173209
98173209
98173209
99398682
14442329
14442329
78058681
23008320
23008320
23008320
97474300
97474300
97474300
99243014
99243014
99243014
98045062
98045062
98045062
25789292
25789292
25789292
#extra 
66141736
4891376
67809530
70902743
70902743
87451661
80666118
81020646
9753964
36857073
88170262
15665977
61775475
21281085
94641726
!side 
19299793
61049315
97940434
97940434
97940434
43898403
43898403
43898403
53129443
53129443
53129443
78610936
78610936
5376159
17269895
