#main 
97522863
97522863
97522863
60411677
60411677
60411677
34926568
67750322
67750322
67750322
9822220
9822220
73355772
73355772
97268402
97268402
69299029
69299029
69299029
49238328
49238328
49238328
29762407
95561146
95561146
95561146
85888377
85888377
85888377
59576447
59576447
23626223
11429811
11429811
30748475
30748475
30748475
41420027
82956214
82956214
#extra 
97800311
97800311
97800311
80532587
98506199
93125329
93039339
55285840
55285840
55285840
6983839
38495396
40673853
92359409
56910167
!side 
55063751
29726552
29726552
102380
102380
64697431
64697431
64697431
53129443
53129443
53129443
99330325
99330325
63086455
63086455
