#main 
16922142
16922142
16922142
27755794
27755794
27755794
80538047
80538047
80538047
85315450
85315450
54143349
54143349
53927851
12197223
12197223
34242278
34242278
71736213
71736213
1980574
94103142
94103142
94103142
25940932
25940932
25940932
67115133
67115133
20508881
5318639
5318639
5318639
25789292
25789292
25789292
54261514
54261514
21501961
53813120
#extra 
71068247
62709239
26563200
71100270
90664857
74615388
2665273
9567495
95992081
75083197
44508094
78693036
73580471
1769875
!side 
78783557
78783557
78783557
102380
102380
102380
13821299
13821299
13821299
51706604
51706604
51706604
34694160
34694160
34694160
