#main 
50251045
50251045
50251045
96345184
96345184
96345184
59138498
59138498
59138498
22734799
23856331
19000848
17350692
3717252
81035362
10000080
10000080
10000080
59438930
59438930
59438930
97268402
97268402
97268402
24508238
24508238
24508238
38776201
38776201
38776201
1259915
1259915
1259915
65861210
65861210
7044562
7044562
7044562
71593652
50147815
#extra 
7894706
7894706
45445571
69946549
45409943
45409943
80843006
38354018
26096328
87676171
70636044
56410769
81797573
42410161
79415624
!side 
67750322
67750322
78783557
8267140
8267140
8267140
66236707
66236707
66236707
14883228
14883228
14883228
96004535
96004535
96004535
