#main 
50251045
50251045
50251045
96345184
96345184
96345184
23856331
22734799
59138498
59138498
59138498
31464658
84031359
17350692
67750322
67750322
67750322
24508238
24508238
24508238
59438930
59438930
42141493
42141493
65861210
65861210
1259915
1259915
1259915
38776201
38776201
38776201
7044562
7044562
7044562
17782288
17782288
25789292
25789292
50147815
54171327
54171327
54171327
#extra 
7894706
7894706
69946549
80843006
87758525
58071334
79415624
42410161
28904860
81797573
26096328
92359409
56910167
70636044
8491961
!side 
3717252
30328508
10000080
10000080
34267821
34267821
34267821
5318639
5318639
5318639
12923641
12923641
12923641
96474800
96474800
