#main 
85523502
85523502
85523502
22912101
22912101
22912101
58916810
58916810
58916810
84401954
84401954
84401954
11895663
11895663
11895663
18738846
102380
102380
102380
67750322
59438930
64049762
64049762
64049762
433377
433377
433377
37654623
37654623
37654623
49238328
49238328
49238328
5318639
5318639
5318639
59921227
59921227
59921227
23526128
#extra 
2665273
73542331
48739166
27548199
9012916
50954680
82044279
29071332
31603289
47172959
84330567
28226490
54752875
48016074
48063985
!side 
78783557
78783557
78783557
66236707
66236707
66236707
1372887
1372887
1372887
75652080
75652080
75652080
65703851
65703851
65703851
