#main 
85523502
85523502
85523502
22912101
22912101
22912101
58916810
58916810
58916810
84401954
84401954
84401954
11895663
11895663
11895663
18738846
18738846
102380
102380
102380
37654623
37654623
37654623
64049762
64049762
64049762
433377
433377
433377
49238328
49238328
35726888
35726888
5318639
5318639
5318639
59921227
59921227
59921227
23526128
#extra 
94641726
94641726
94641726
10515412
10515412
10515412
69453825
69453825
69453825
70576413
70576413
70576413
4079728
4079728
4079728
!side 
48770333
28674152
28674152
34267821
34267821
34267821
43898403
43898403
43898403
21501961
21501961
21501961
66236707
66236707
66236707
