#main 
62962630
62962630
62962630
45883110
25451383
25451383
25451383
68468459
68468459
73819701
55273560
95515789
95515789
45484331
19304410
19096726
44001993
24088928
67750322
67750322
24508238
24508238
29948294
29948294
29948294
36637374
36637374
36637374
34995106
82738008
6498706
6498706
6498706
33599853
25789292
25789292
25789292
54261514
54261514
54261514
81767888
17751597
#extra 
78397661
44146295
76666602
76666602
70534340
51409648
41373230
3410461
87746184
24915933
24915933
72272462
89851827
80843006
87758525
!side 
102380
102380
102380
34267821
34267821
34267821
69162969
43898403
43898403
69279219
69279219
78610936
78610936
14883228
14883228
