#main 
59138498
59138498
59138498
96345184
96345184
96345184
50251045
50251045
50251045
23856331
22734799
66540884
24088928
24088928
44001993
17350692
19000848
81035362
44694191
27204311
27204311
59438930
59438930
65861210
65861210
1259915
1259915
1259915
38776201
38776201
38776201
25224340
25224340
82997779
82997779
82997779
33599853
71593652
7044562
8267140
8267140
50147815
5168381
#extra 
7894706
28143384
80843006
45409943
66532962
45445571
61775475
93854893
45935145
72971064
70636044
27240101
32302078
38354018
92359409
!side 
10000080
10000080
10000080
34267821
34267821
34267821
78783557
78783557
69279219
69279219
69279219
66236707
66236707
34694160
34694160
