#main 
22734799
59138498
59138498
59138498
96345184
96345184
96345184
50251045
50251045
50251045
23856331
19000848
19000848
19000848
66540884
81035362
81035362
81035362
44001993
24088928
24088928
44694191
31464658
42141493
42141493
42141493
102380
102380
102380
65861210
38776201
38776201
38776201
82997779
82997779
33599853
25224340
71593652
7044562
7044562
7044562
50147815
5168381
#extra 
7894706
28143384
45409943
66532962
61775475
70636044
87676171
26096328
3814632
45935145
71100270
9567495
43355214
94151981
48608796
!side 
78783557
78783557
78783557
10000080
10000080
10000080
19613556
19613556
45951104
45951104
51706604
43898403
29549364
29549364
29549364
