#main 
11895663
11895663
58916810
58916810
58916810
84401954
84401954
84401954
22912101
22912101
22912101
85523502
85523502
85523502
66722103
18738846
18738846
7925734
7925734
102380
10000080
10000080
10000080
64049762
64049762
64049762
37654623
37654623
37654623
433377
433377
35726888
35726888
35726888
73594093
847217
847217
23526128
59921227
59921227
#extra 
48882106
!side 
26326541
26084285
26084285
26084285
34267821
34267821
34267821
24081957
24081957
8267140
8267140
8267140
83266092
83266092
83266092
