#main 
86937530
86937530
86937530
19144622
55623480
19144622
40041559
40041559
40041559
875572
51618973
87003671
87003671
87003671
26674724
26674724
26674724
52846880
96228804
96228804
96228804
24508238
24508238
24508238
59438930
59438930
59438930
67750322
67750322
67750322
34041788
56725612
56725612
19326613
82119326
82119326
46411259
48130397
48130397
8267140
#extra 
41763141
87758525
80843006
84433295
37260677
54757758
66532962
4026187
4026187
78021082
78021082
27632520
74689476
65301952
46772449
!side 
26084285
26084285
26084285
46565218
46565218
46565218
78783557
78783557
78783557
53778229
96004535
96004535
34694160
34694160
34694160
