#main 
21351206
94730900
89809665
56824871
22091647
94979322
94979322
1047075
1047075
37531679
91215724
9742784
73218792
73218792
97682931
97682931
42141493
42141493
42141493
84192580
84192580
84192580
27204311
27204311
1372887
1372887
1372887
35697544
35697544
35697544
25807544
25807544
23249029
37478723
37478723
98319530
51412776
51412776
49415281
49415281
49415281
8080257
62091148
#extra 
84664085
77656797
50954680
67797569
73580471
2403771
25862681
40251688
36320744
58071334
324483
45231177
36319131
46804536
78876707
!side 
63941210
93332803
29726552
8267140
8267140
43898403
43898403
94423983
94423983
96474800
96474800
7811875
7811875
