#main 
23064604
23064604
96570609
31596518
31596518
9748752
51945556
59463312
95457011
95457011
67584223
67584223
67584223
7166709
95679145
27204311
27204311
27204311
33609262
33609262
22842126
22842126
22842126
9283801
9283801
9283801
63899196
63899196
63899196
79844764
79844764
79844764
15735108
15735108
15735108
1984618
1984618
1984618
54241725
59983249
#extra 
52553102
52553102
17548456
72444406
98506199
41373230
3410461
45445571
59531356
83656563
11765832
40673853
!side 
26205777
73125233
28674152
28674152
68144894
68144894
5795980
53129443
53129443
53129443
