#main 
96345184
96345184
96345184
50251045
50251045
50251045
23856331
59138498
59138498
59138498
22734799
44694191
81035362
81035362
81035362
66540884
19000848
24088928
24088928
44001993
24508238
24508238
42141493
42141493
42141493
102380
102380
102380
7044562
7044562
7044562
38776201
38776201
38776201
65861210
25224340
25224340
25224340
82997779
71593652
33599853
50147815
5168381
#extra 
7894706
45409943
28143384
32467459
32467459
74009824
43143567
66532962
61775475
89544521
8491961
71100270
38495396
92517928
70636044
!side 
26084285
26084285
26084285
3717252
58570206
58570206
44394295
44394295
44394295
8267140
8267140
8267140
65703851
65703851
65703851
