#main 
13597785
13597785
13597785
59581480
59581480
85976588
56651978
12375297
16509007
89392810
37799519
37799519
80054655
13021682
63977008
16449363
18711696
50604072
50604072
50604072
31600513
10000080
10000080
10000080
99243014
99243014
99243014
26387390
26387390
91002901
91002901
91002901
43834302
97474300
97474300
97474300
64491754
64491754
64491754
5318639
5318639
5318639
98045062
98045062
98045062
51706604
51706604
51706604
28958464
28958464
28958464
24092792
#extra 
42711820
88170262
15665977
21187631
42302563
73580471
79519259
2322421
24634594
30983281
821049
50954680
87188910
5559570
21281085
!side 
26084285
26084285
26084285
67750322
67750322
67750322
78783557
78783557
78783557
37520316
37520316
7811875
7811875
7811875
18158393
