#main 
22912101
22912101
22912101
58916810
58916810
58916810
84401954
84401954
84401954
11895663
85523502
85523502
85523502
50251045
50251045
50251045
96345184
96345184
96345184
23856331
22734799
97526666
10000080
10000080
10000080
37654623
37654623
64049762
64049762
64049762
433377
38776201
38776201
38776201
66236707
15693423
15693423
15693423
50147815
59921227
59921227
59921227
23526128
#extra 
7894706
79229522
3410461
58071334
38354018
49032236
26096328
3814632
90162951
87676171
6983839
61399402
94151981
40673853
72444406
!side 
26084285
26084285
26084285
48770333
8267140
75652080
5318639
5318639
5318639
51706604
51706604
51706604
34694160
34694160
34694160
