#main 
58916810
58916810
58916810
84401954
84401954
84401954
22912101
22912101
22912101
11895663
11895663
85523502
85523502
85523502
48770333
102380
102380
25789292
25789292
25789292
5318639
5318639
5318639
49238328
49238328
35726888
35726888
37654623
37654623
37654623
64049762
64049762
64049762
433377
433377
433377
59921227
59921227
59921227
23526128
#extra 
26593852
73580471
33236860
76913983
69031175
69031175
50321796
23693634
31603289
88643579
7391448
43385557
44508094
70780151
80108118
!side 
102380
67750322
67750322
67750322
10000080
10000080
10000080
51706604
51706604
43898403
43898403
43898403
65703851
65703851
65703851
