#main 
84288367
84288367
84288367
86120751
86120751
86120751
57294268
57294268
57294268
10673071
73642296
73642296
59438930
59438930
59438930
97682931
97682931
97682931
67750322
67750322
67750322
42141493
42141493
42141493
54261514
54261514
54261514
25789292
25789292
74063034
74063034
37432075
37432075
47679935
47679935
47679935
63926180
63926180
63926180
86319972
#extra 
33166263
33166263
97300502
70383419
11270236
75286621
6772168
49513164
43989315
66532962
73580471
82044280
50954680
78693036
46772449
!side 
36956512
63941210
29726552
99330325
99330325
99330325
53778229
53778229
53778229
43898403
43898403
43898403
75364199
75364199
75364199
