#main 
23856331
23856331
50251045
50251045
50251045
96345184
96345184
96345184
59138498
59138498
59138498
22734799
22734799
17350692
17350692
24508238
24508238
24508238
59438930
59438930
59438930
52038441
67750322
67750322
67750322
1259915
1259915
1259915
65861210
65861210
38776201
38776201
38776201
58570206
58570206
58570206
17782288
17782288
17782288
54171327
54171327
54171327
50147815
#extra 
70636044
67508932
67508932
40139997
28904860
42410161
81797573
95506252
21281085
79415624
80843006
69946549
58071334
7894706
7894706
!side 
34267821
34267821
34267821
10000080
10000080
10000080
8267140
8267140
8267140
78610936
78610936
78610936
34694160
34694160
96474800
