#main 
61980241
61980241
61980241
38648860
25592142
25592142
25592142
24779554
98385955
60145298
23151193
84192580
84192580
84192580
99289828
62173132
93723936
24081957
78293584
12923641
17782288
17782288
17782288
8267140
8267140
54693926
54693926
25789292
25789292
25789292
35480699
35480699
35480699
33907039
33907039
33907039
54171327
54171327
54171327
64998567
#extra 
14307929
77313225
41924516
5800323
79415624
42410161
42410161
81797573
81797573
28904860
28904860
21281085
15982593
15665977
58071334
!side 
5318639
5318639
7811875
7811875
7811875
27581098
27581098
27581098
34694160
34694160
34694160
164710
164710
164710
38511382
