#main 
11895663
84401954
84401954
84401954
58916810
58916810
58916810
22912101
22912101
22912101
85523502
85523502
85523502
18738846
24508238
24508238
24508238
102380
102380
102380
49238328
5318639
5318639
5318639
35726888
35726888
35726888
37654623
37654623
37654623
433377
433377
433377
64049762
64049762
64049762
59921227
59921227
59921227
23526128
#extra 
85065943
41763141
72444406
72444406
78693036
17548456
17548456
17548456
85252081
48739166
12744567
49456901
46772449
88177324
68396121
!side 
26084285
26084285
26084285
67750322
67750322
67750322
48770333
78783557
78783557
78783557
10000080
10000080
10000080
21501961
21501961
