#main 
85523502
85523502
85523502
22912101
22912101
22912101
58916810
58916810
58916810
84401954
84401954
84401954
11895663
48770333
18738846
102380
102380
102380
433377
433377
37654623
37654623
37654623
64049762
64049762
64049762
49238328
49238328
49238328
25789292
25789292
25789292
54261514
54261514
54261514
59921227
59921227
23526128
42091632
42091632
42091632
#extra 
2061963
63746411
63746411
46772449
98506199
38423248
84433295
72959823
72959823
33171768
95793022
3544583
41763141
41763141
41763141
!side 
67750322
67750322
67750322
10000080
10000080
10000080
53129443
53129443
53129443
5318639
5318639
5318639
43898403
43898403
43898403
