#main 
11895663
84401954
84401954
84401954
58916810
58916810
58916810
22912101
22912101
22912101
85523502
85523502
85523502
18738846
97526666
23153227
23153227
23153227
7477101
7477101
12580477
12580477
12580477
25789292
25789292
25789292
64049762
64049762
64049762
433377
433377
433377
37654623
37654623
37654623
59921227
59921227
59921227
23526128
23526128
#extra 
88177324
88177324
68396121
31801517
39272762
82633039
63746411
46772449
46772449
73580471
52553102
17548456
17548456
17548456
78693036
!side 
13821299
13821299
13821299
102380
102380
53129443
53129443
53129443
5758500
5758500
43898403
43898403
14883228
14883228
14883228
