#main 
11895663
11895663
11895663
84401954
84401954
84401954
58916810
58916810
58916810
22912101
22912101
22912101
85523502
85523502
85523502
18738846
18738846
102380
102380
102380
49238328
49238328
35726888
35726888
5318639
5318639
5318639
37654623
37654623
37654623
433377
433377
433377
64049762
64049762
64049762
59921227
59921227
59921227
23526128
#extra 
52352005
8252010
80108118
2203790
73079836
15123983
9348522
27315304
47674738
55863245
50643638
49816630
9012916
80032567
76913983
!side 
34267821
34267821
34267821
51706604
51706604
51706604
75652080
75652080
75652080
66236707
66236707
66236707
42091632
42091632
42091632
