#main 
11895663
84401954
84401954
84401954
58916810
58916810
58916810
22912101
22912101
22912101
85523502
85523502
85523502
18738846
48770333
7925734
7925734
67750322
67750322
67750322
102380
102380
102380
98476659
98476659
98476659
66236707
66236707
66236707
25789292
37654623
37654623
37654623
64049762
64049762
64049762
433377
23526128
59921227
59921227
#extra 
3410461
3410461
3410461
41373230
41373230
41373230
48882106
48882106
48882106
57288064
26326541
26326541
26326541
46772449
61399402
!side 
70485614
70485614
70485614
1372887
1372887
1372887
8267140
8267140
8267140
34694160
34694160
34694160
65703851
65703851
65703851
