#main 
23076639
23076639
23076639
28954097
28954097
28954097
55461744
55461744
58143852
28674152
67750322
32759190
32759190
95365081
95365081
95365081
95132593
21637502
18321034
68144894
68144894
68144894
42141493
42141493
20415050
20415050
57809669
89558743
89558743
63136489
63136489
45986603
45986603
4031928
4031928
4031928
33017964
33017964
33017964
29792472
93294363
#extra 
67021206
67021206
67021206
1769875
1769875
11321089
69601012
69601012
9785661
38264974
31411835
94410955
69946549
99666430
32302078
!side 
83986578
67750322
67750322
34267821
53765052
28674152
28674152
21501961
43898403
43898403
43898403
69279219
69279219
75364199
75364199
