#main 
82773292
82773292
82773292
10426067
10426067
10426067
84031359
84031359
84031359
88234365
25451652
25451652
52840267
52840267
52840267
59438930
59438930
73642296
73642296
21074344
21074344
21074344
17266660
17266660
17266660
44886582
44886582
44886582
25661743
25661743
14517422
24299458
98829635
87112784
87112784
87112784
99941223
99941223
50501121
48152161
#extra 
11765832
69946549
41763141
92892239
17749468
85065943
4167084
4167084
4167084
10136446
10136446
5914858
5914858
15982593
30100551
!side 
94689635
94689635
94689635
29726552
28674152
36956512
21501961
96864811
25789292
25789292
69279219
69279219
5318639
5318639
5318639
