#main 
62962630
62962630
68468459
68468459
73819701
45883110
95515789
95515789
55273560
19304410
94395649
94395649
94395649
25451383
25451383
25451383
19096726
84192580
84192580
84192580
82489470
84031359
6498706
6498706
6498706
25789292
25789292
25789292
44886582
44886582
29948294
29948294
29948294
36637374
36637374
36637374
82738008
34995106
17751597
81767888
#extra 
24915933
24915933
72272462
18666161
69946549
72578374
41373230
87746184
51409648
80843006
3410461
44146295
76666602
5041348
78397661
!side 
102380
102380
102380
44508094
43898403
43898403
43898403
58120309
58120309
65703851
65703851
65703851
