#main 
81096431
55697723
55697723
55697723
97556336
89312388
92472273
92472273
92472273
28877382
28877382
28877382
54265980
54265980
54265980
81650695
81650695
10604644
67750322
67750322
59438930
24508238
24508238
24508238
38007649
38007649
38007649
84054556
68831625
32442017
32442017
32442017
25789292
25789292
25789292
8949584
8949584
8949584
21501961
80320877
#extra 
27184601
95626382
95626382
65848113
46772449
61399402
68231287
86331741
41522092
6983839
11132674
16643334
48285768
31010081
31010081
!side 
29726552
29726552
36956512
36956512
99330325
99330325
99330325
43898403
43898403
43898403
49010598
34694160
34694160
34694160
96004535
