#main 
875572
875572
875572
84477320
84477320
84477320
75003700
75003700
75003700
7375867
1498449
70871153
70871153
70871153
44482554
44482554
44482554
79109599
79109599
79109599
95515789
95515789
11317977
102380
102380
102380
24508238
24508238
24508238
6153210
32548318
24094653
24094653
24094653
6498706
6498706
5431722
69932023
80208225
80208225
#extra 
13735899
33760966
79755671
79755671
42125140
42125140
37260677
24915933
85899505
75286621
89851827
89851827
72578374
43989315
43227
!side 
10000080
10000080
10000080
9822220
9822220
78783557
78783557
78783557
5318639
8267140
8267140
8267140
69279219
69279219
69279219
