#main 
37343995
37343995
37343995
16474916
16474916
16474916
43863925
43863925
5352328
5352328
79858629
9627299
9627299
9627299
16889337
67972302
67972302
67972302
67750322
67750322
91800273
91800273
91800273
19230408
19230408
19230408
8267140
8267140
8267140
53129443
53129443
53129443
77913594
77913594
77913594
52335937
52335937
197042
77891946
96004535
#extra 
59242457
59242457
77675029
77675029
42741437
42741437
78135071
78135071
41524885
5530780
46772449
61399402
82633039
55285840
55285840
!side 
67750322
69279219
51706604
51706604
5318639
5318639
5318639
29549364
34694160
34694160
96004535
96004535
63086455
63086455
63086455
