#main 
28954097
28954097
28954097
23076639
23076639
23076639
55461744
44694191
44001993
24088928
1980574
46955132
46955132
46955132
93018428
93018428
21637502
95132593
32759190
18321034
95365081
95365081
68144894
27204311
27204311
84192580
84192580
59438930
59438930
59438930
97268402
97268402
97268402
20415050
20415050
33599853
25224340
25224340
25224340
63136489
63136489
93294363
#extra 
94410955
11321089
38264974
69946549
67021206
67021206
31411835
69601012
69601012
1769875
79561872
21281085
87188910
81019803
32302078
!side 
73304257
73304257
28674152
28674152
28674152
83986578
24508238
8267140
8267140
25789292
98045062
98045062
49587034
49587034
29792472
