#main 
86937530
86937530
19144622
55623480
40041559
57294268
57294268
57294268
86120751
86120751
875572
10673071
84288367
84288367
96228804
96228804
96228804
45223540
27204311
27204311
59438930
59438930
24508238
24508238
24508238
67750322
67750322
67750322
8267140
8267140
34041788
63926180
63926180
47679935
47679935
37432075
37432075
74063034
19326613
82119326
82119326
56725612
#extra 
66532962
37260677
97300502
11270236
70383419
43989315
49513164
33166263
80843006
4026187
78021082
27632520
74689476
65301952
46772449
!side 
46565218
46565218
46565218
78783557
78783557
53778229
96474800
96474800
34694160
34694160
34694160
29549364
29549364
29549364
86319972
