#main 
86937530
86937530
86937530
19144622
19144622
19144622
55623480
40041559
40041559
40041559
57294268
57294268
57294268
86120751
875572
84288367
96228804
96228804
96228804
24508238
24508238
24508238
59438930
59438930
59438930
67750322
67750322
67750322
48130397
8267140
56725612
82119326
19326613
34041788
37432075
74063034
63926180
63926180
63926180
86319972
#extra 
74689476
27632520
11765832
80843006
66532962
37260677
11270236
97300502
70383419
75286621
43989315
49513164
78021082
4026187
4026187
!side 
46565218
46565218
46565218
46772449
53129443
53129443
53129443
8267140
8267140
75364199
75364199
75364199
96004535
96004535
96004535
