#main 
84288367
84288367
84288367
86120751
86120751
86120751
57294268
57294268
57294268
10673071
24508238
24508238
63941210
36956512
28674152
28674152
45223540
45223540
67750322
67750322
67750322
48130397
48130397
48130397
5318639
5318639
25789292
25789292
74063034
74063034
47679935
47679935
47679935
63926180
63926180
63926180
37432075
37432075
37432075
86319972
#extra 
33166263
33166263
43989315
38423248
70383419
6772168
49513164
11270236
75286621
12307878
66532962
54757758
80843006
11765832
71222868
!side 
97940434
97940434
97940434
94016752
94016752
78610936
78610936
78610936
21501961
69279219
69279219
69279219
10813327
10813327
10813327
