#main 
86120751
86120751
86120751
57294268
57294268
57294268
84288367
84288367
84288367
10673071
97682931
97682931
97682931
59438930
59438930
59438930
42141493
42141493
42141493
27204311
27204311
27204311
54261514
54261514
8267140
8267140
8267140
63926180
63926180
63926180
37432075
37432075
47679935
47679935
47679935
74063034
74063034
25789292
25789292
86319972
#extra 
37192109
73580471
50954680
78693036
46772449
66532962
6772168
70383419
70383419
49513164
75286621
33166263
43989315
97300502
11270236
!side 
62015408
62015408
62015408
67750322
67750322
67750322
36956512
93332803
63941210
99330325
99330325
99330325
75364199
75364199
75364199
