#main 
23076639
23076639
23076639
28954097
28954097
28954097
55461744
65033975
60145298
23151193
44694191
97462632
97462632
97462632
24088928
24088928
44001993
70405001
46565218
28674152
68144894
68144894
68144894
67750322
67750322
89558743
89558743
63136489
63136489
63136489
78293584
78293584
75983808
33599853
54261514
54261514
25789292
25789292
24749710
64998567
#extra 
43227
9785661
1769875
69946549
11321089
46174776
38264974
28143384
69601012
69601012
5800323
79415624
45935145
93854893
1639384
!side 
26084285
26084285
26084285
97940434
97940434
29726552
36956512
99330325
99330325
99330325
8267140
8267140
8267140
51706604
51706604
