#main 
79418928
79418928
79418928
87814728
87814728
87814728
51826619
51826619
52566270
86289475
44839512
44839512
44839512
24431911
43017476
43017476
43017476
24508238
24508238
24508238
84192580
84192580
84192580
67750322
67750322
67750322
54734082
65514302
65514302
65514302
28653611
28653611
28653611
35480699
35480699
35480699
25789292
25789292
25789292
39733924
#extra 
47247792
47247792
21861412
581014
46804536
61399402
67630394
67515699
88021907
20145685
20145685
6983839
46772449
46871387
66011101
!side 
91479482
34267821
34267821
34267821
10000080
10000080
10000080
43150717
12923641
12923641
8267140
8267140
43898403
43898403
96004535
