#main 
81522098
81522098
81522098
82933935
82933935
82933935
50415441
50415441
50415441
55537983
43066927
43066927
43066927
11677278
80551022
84824728
84824728
84824728
73642296
73642296
91800273
91800273
91800273
59438930
59438930
59438930
24508238
45951104
45951104
45951104
86809440
86809440
86809440
13204145
13204145
13204145
21501961
21501961
59293853
59293853
#extra 
72971064
42940335
42940335
16955631
16955631
95442074
48608796
90448279
32302078
56410769
9567495
41522092
8491961
27240101
72167543
!side 
68144894
68144894
68144894
28674152
36956512
29726552
61650133
61650133
61650133
99330325
99330325
99330325
8267140
8267140
8267140
