#main 
86937530
86937530
86937530
19144622
19144622
55623480
40041559
40041559
40041559
52846880
26674724
26674724
26674724
51618973
87003671
87003671
96228804
96228804
96228804
97682931
97682931
97682931
24508238
24508238
24508238
59438930
59438930
67750322
67750322
67750322
56725612
56725612
82119326
19326613
34041788
48130397
48130397
8267140
8267140
8267140
#extra 
69946549
11765832
80843006
66532962
54757758
84433295
4026187
4026187
78021082
73580471
50954680
27632520
46772449
61399402
65301952
!side 
34267821
34267821
34267821
46565218
46565218
46565218
69279219
69279219
69279219
53778229
3259760
82119326
96004535
96004535
96004535
