#main 
86937530
86937530
86937530
19144622
19144622
55623480
40041559
40041559
40041559
875572
87003671
87003671
51618973
52846880
26674724
26674724
26674724
96228804
96228804
96228804
423585
423585
67750322
67750322
67750322
84192580
84192580
84192580
21501961
21501961
46411259
48130397
8267140
8267140
8267140
34041788
19326613
82119326
56725612
56725612
#extra 
74689476
46772449
65301952
27632520
4026187
4026187
78021082
11765832
84433295
54757758
80843006
37260677
69946549
66532962
41763141
!side 
36956512
29726552
93332803
99330325
99330325
99330325
64697431
64697431
53778229
96004535
96004535
96004535
34694160
34694160
34694160
