#main 
70871153
70871153
70871153
44482554
44482554
44482554
75003700
75003700
75003700
7375867
84477320
1498449
44994712
44994712
44994712
18595008
44932065
79109599
79109599
79109599
84031359
67750322
67750322
67750322
6153210
32548318
32548318
89176044
89176044
89176044
24094653
24094653
24094653
10218411
25789292
25789292
25789292
5431722
80208225
69932023
#extra 
33760966
79755671
79755671
42125140
89851827
13735899
80843006
41578483
41209827
69946549
66309175
66787942
6560411
73580471
50954680
!side 
8233522
8233522
8233522
29726552
36956512
28674152
99330325
99330325
99330325
8267140
5318639
5318639
65703851
65703851
65703851
