#main 
53927851
85315450
85315450
16922142
16922142
16922142
27755794
27755794
54143349
54143349
80538047
80538047
80538047
71736213
34242278
34242278
21501961
21501961
54261514
54261514
25789292
25789292
25789292
8267140
8267140
5318639
5318639
5318639
67115133
67115133
25940932
25940932
25940932
94103142
94103142
94103142
20508881
20508881
20508881
53813120
#extra 
71068247
44241999
31320433
92661479
71100270
9567495
88170262
88170262
42781164
42781164
42781164
15665977
15665977
41069676
41069676
!side 
102380
102380
102380
78783557
78783557
78783557
26084285
26084285
26084285
27755794
54261514
75652080
34694160
34694160
34694160
