#main 
80538047
80538047
80538047
54143349
54143349
54143349
27755794
27755794
27755794
85315450
53927851
16922142
16922142
16922142
34242278
34242278
34242278
12197223
12197223
21501961
94103142
94103142
25940932
25940932
67115133
5318639
5318639
5318639
25789292
25789292
69809989
19230407
19230407
19230407
30430448
30430448
15693423
15693423
15693423
53813120
#extra 
3410461
85252081
59479050
75367227
9567495
1269512
99469936
67630394
53334641
53334641
94151981
20145685
41522092
80993256
39317553
!side 
26084285
26084285
26084285
29726552
28674152
36956512
78783557
78783557
78783557
69279219
69279219
69279219
99330325
99330325
99330325
