#main 
34761841
98396890
77360173
83445539
62991792
62991792
62991792
19434243
19434243
19434243
25784595
25784595
25784595
56838842
16509007
89392810
67750322
67750322
67750322
84192580
84192580
84192580
35480699
35480699
35480699
12923641
12923641
28958464
28958464
99398682
99243014
99243014
99243014
23008320
23008320
23008320
98173209
98173209
98173209
17269895
#extra 
97489701
67809530
87451661
94641726
9753964
30698243
99585850
88170262
70902743
70902743
66141736
66141736
66141736
15665977
87837090
!side 
19299793
34267821
34267821
34267821
78783557
78783557
78783557
10000080
10000080
10000080
43898403
43898403
21501961
5376159
50056656
