#main 
9674034
9674034
9674034
90241276
90241276
45663742
48452496
66431519
66431519
66431519
90681088
90681088
44455560
18621798
69000994
23015896
2526224
2526224
2526224
24508238
93170499
93170499
93170499
42141493
84192580
42141493
91703676
91703676
57554544
57554544
65305978
65305978
65305978
89023486
25789292
25789292
25789292
8267140
8267140
8267140
#extra 
8491961
72971064
9567495
64182380
64182380
62941499
93854893
93854893
1639384
17548456
17548456
52553102
52553102
58071334
58071334
!side 
38910263
35405755
67750322
67750322
67750322
93332803
93332803
93332803
67523044
51706604
51706604
51706604
43898403
43898403
43898403
