#main 
11895663
84401954
84401954
84401954
58916810
58916810
58916810
22912101
22912101
22912101
85523502
85523502
85523502
76145933
76145933
75922381
2311090
48770333
67750322
67750322
59438930
59438930
59438930
21501961
21501961
5318639
5318639
49238328
49238328
433377
433377
37654623
37654623
37654623
64049762
64049762
64049762
59921227
59921227
23526128
#extra 
72167543
48739166
68396121
2061963
88177324
40673853
46772449
6983839
61399402
63746411
72444406
53325667
88170262
78693036
88170262
!side 
24508238
26084285
18738846
102380
102380
102380
78783557
78783557
78783557
1372887
1372887
1372887
43898403
43898403
43898403
