#main 
61980241
61980241
61980241
38648860
25592142
25592142
25592142
24779554
98385955
98385955
98385955
23151193
60145298
65504487
67750322
67750322
67750322
59438930
59438930
99289828
99289828
3496543
93723936
78293584
24878656
24878656
24878656
33907039
33907039
33907039
25789292
25789292
25789292
8267140
8267140
8267140
15693423
15693423
15693423
53329234
64998567
#extra 
14307929
77313225
41924516
5800323
79415624
5041348
42566602
92744676
821049
15665977
15982593
21281085
84664085
58071334
9785661
!side 
69925461
46565218
46565218
34267821
34267821
34267821
51706604
51706604
69279219
69279219
12923641
12923641
12923641
18158393
62995268
