#main 
44001993
41165831
41165831
41165831
88554436
1966438
1966438
31588572
26236560
26236560
26236560
53624265
53624265
24088928
19000848
19000848
19000848
10802915
10802915
10802915
81035362
94145021
94145021
94145021
24508238
24508238
24508238
27412542
27412542
27412542
33599853
53129443
53129443
71593652
54261514
54261514
54261514
80801743
80801743
53417695
53417695
#extra 
45409943
45409943
28143384
45445571
88942504
9567495
71100270
46014517
83531441
51497409
79559912
20145685
94151981
93854893
64182380
!side 
67750322
67750322
8267140
8267140
8267140
51706604
51706604
51706604
53129443
53582587
53582587
53582587
34694160
34694160
34694160
