#main 
11868731
11868731
11868731
34680482
34680482
34680482
91350799
91350799
77848740
77848740
52404456
81519836
81519836
81519836
9350312
9350312
36745317
24508238
24508238
97268402
97268402
97268402
17266660
17266660
17266660
59438930
59438930
52038441
99937011
25789292
25789292
7477101
89558743
23153227
23153227
23153227
14001430
60470713
68159562
97045737
97045737
97045737
#extra 
15661378
95169481
46772449
44311445
49689480
37164373
37164373
37164373
20343502
20343502
63746411
67173574
68396121
37926346
85252081
!side 
34267821
34267821
34267821
10000010
10000080
10000080
10000080
63941210
8267140
8267140
43898403
43898403
65703851
65703851
65703851
