#main 
22912101
22912101
22912101
58916810
58916810
58916810
84401954
84401954
84401954
11895663
11895663
85523502
85523502
85523502
18738846
48770333
102380
102380
37654623
37654623
37654623
64049762
64049762
64049762
433377
433377
5318639
5318639
5318639
25789292
25789292
25789292
49238328
49238328
35726888
35726888
59921227
59921227
59921227
23526128
#extra 
24696097
44508094
76774528
43202238
40529384
93483212
2203790
7391448
23693634
63746411
46772449
40673853
26329679
6983839
60516416
!side 
67750322
67750322
67750322
28674152
36956512
99330325
99330325
45951104
45951104
45951104
75652080
27581098
27581098
27581098
83266092
