#main 
37343995
37343995
37343995
16474916
16474916
16474916
43863925
43863925
5352328
5352328
79858629
9627299
9627299
9627299
16889337
16889337
67972302
67750322
67750322
91800273
91800273
59438930
59438930
77913594
77913594
77913594
52335937
52335937
4408198
89558743
89558743
8267140
8267140
25789292
25789292
77891946
77891946
77891946
197042
96004535
#extra 
46772449
59242457
59242457
59242457
77675029
77675029
42741437
42741437
78135071
78135071
41524885
41524885
41524885
5530780
!side 
10000080
10000080
10000080
73602965
73602965
73602965
34267821
34267821
34267821
43898403
43898403
43898403
75364199
75364199
75364199
