#main 
23064604
23064604
23064604
96570609
96570609
31596518
31596518
9748752
18738846
59463312
95457011
95457011
67584223
67584223
67584223
7925734
84192580
84192580
84192580
33609262
33609262
22842126
22842126
22842126
9283801
9283801
9283801
63899196
63899196
63899196
79844764
79844764
79844764
5795980
15735108
15735108
15735108
24299458
24299458
54241725
#extra 
48882106
!side 
60229110
4929256
26205777
73125233
51945556
67750322
67750322
67750322
8267140
8267140
8267140
59983249
75364199
75364199
75364199
