#main 
86937530
86937530
86937530
19144622
19144622
55623480
40041559
40041559
40041559
51618973
87003671
87003671
87003671
26674724
26674724
26674724
52846880
96228804
96228804
96228804
875572
67750322
67750322
67750322
59438930
59438930
59438930
24508238
24508238
24508238
56725612
56725612
82119326
19326613
34041788
21501961
48130397
8267140
8267140
8267140
#extra 
84433295
37260677
80843006
11765832
41763141
54757758
66532962
4026187
4026187
78021082
46772449
65301952
74689476
27632520
27632520
!side 
78783557
78783557
78783557
46565218
46565218
46565218
53129443
53129443
53778229
34694160
34694160
34694160
96004535
96004535
96004535
