#main 
85523502
22912101
22912101
22912101
58916810
58916810
84401954
84401954
84401954
11895663
50251045
50251045
50251045
96345184
96345184
96345184
23856331
22734799
59138498
59138498
59138498
97526666
24508238
64049762
64049762
64049762
37654623
37654623
37654623
38776201
38776201
38776201
1259915
1259915
1259915
65861210
65861210
7044562
7044562
7044562
25789292
25789292
25789292
35480699
35480699
59921227
59921227
59921227
50147815
#extra 
7894706
7894706
32467459
50907446
26096328
92359409
28346136
38354018
87676171
2530830
39030163
8491961
19369609
48608796
72971064
!side 
48770333
10000080
10000080
10000080
102380
102380
102380
21501961
21501961
43898403
43898403
43898403
23526128
34694160
96004535
