#main 
23856331
23856331
50251045
50251045
50251045
96345184
96345184
96345184
59138498
59138498
59138498
22734799
43363035
95440946
97526666
42141493
42141493
42141493
65861210
65861210
1259915
1259915
1259915
38776201
38776201
38776201
17782288
17782288
17782288
3129133
7044562
7044562
7044562
25789292
25789292
25789292
54171327
54171327
54171327
50147815
#extra 
7894706
7894706
43143567
74889525
58071334
42410161
42410161
81797573
81797573
55393975
28904860
38354018
26096328
56910167
70636044
!side 
10000080
10000080
10000080
78783557
78783557
78783557
34267821
34267821
34267821
13821299
13821299
51706604
51706604
3129133
3129133
