#main 
55320758
55320758
55320758
24079759
24079759
24079759
51473858
51473858
64257161
27868563
759393
37744402
37970940
19327348
73318863
64911387
83566725
83566725
83566725
10802915
10802915
10802915
67750322
67750322
67750322
52038441
52038441
52038441
59438930
59438930
59438930
24508238
24508238
29111045
29111045
29111045
90711610
64327901
45508030
45508030
45508030
89739383
89739383
89739383
11911336
11911336
11911336
39733924
85257384
64767757
#extra 
34001672
46014517
71100270
72409226
4997565
1269512
67630394
94151981
20145685
62709239
16237004
80993256
43355214
9567495
48016074
!side 
78783557
78783557
78783557
28674152
28674152
28674152
34267821
34267821
34267821
64697431
64697431
64697431
96004535
96004535
90946420
