#main 
22912101
22912101
22912101
85523502
85523502
85523502
84401954
84401954
84401954
11895663
58916810
58916810
58916810
48770333
18738846
102380
102380
102380
37654623
37654623
37654623
64049762
64049762
64049762
433377
21501961
21501961
5318639
5318639
5318639
49238328
49238328
35726888
35726888
42091632
42091632
42091632
59921227
59921227
23526128
#extra 
10136446
10136446
10136446
4167084
4167084
67021206
78021082
87758525
69601012
38264974
69946549
5914858
68231287
30100551
!side 
48770333
36956512
28674152
67750322
67750322
67750322
43898403
43898403
43898403
66236707
66236707
66236707
65703851
65703851
65703851
