#main 
22912101
22912101
22912101
85523502
85523502
85523502
84401954
84401954
84401954
11895663
58916810
58916810
58916810
48770333
7925734
7925734
7925734
91800273
91800273
91800273
37654623
37654623
37654623
64049762
64049762
64049762
433377
433377
433377
35726888
5318639
5318639
5318639
66236707
66236707
66236707
59921227
59921227
59921227
23526128
#extra 
15665977
88170262
88170262
42781164
42781164
41069676
98506199
48882106
48882106
50793215
46772449
7894706
7894706
!side 
67750322
67750322
67750322
102380
102380
102380
51706604
51706604
51706604
69279219
69279219
69279219
42091632
42091632
42091632
