#main 
22912101
22912101
22912101
85523502
85523502
85523502
84401954
84401954
84401954
11895663
11895663
58916810
58916810
58916810
102380
102380
102380
67750322
67750322
59438930
59438930
59438930
37654623
37654623
37654623
64049762
64049762
64049762
433377
433377
433377
5318639
5318639
5318639
49238328
49238328
59921227
59921227
59921227
23526128
#extra 
63746411
2061963
46772449
46772449
37926346
31086840
12533811
6983839
61399402
68396121
3410461
3410461
9653271
13803864
15123983
!side 
78783557
78783557
78783557
48770333
24508238
67750322
34267821
34267821
34267821
66236707
66236707
66236707
65703851
65703851
65703851
