#main 
23856331
50251045
50251045
50251045
96345184
96345184
96345184
59138498
59138498
59138498
22734799
44694191
88570003
19000848
66540884
24088928
81035362
10000080
10000080
10000080
24508238
24508238
24508238
12266229
44001993
65861210
65861210
1259915
1259915
1259915
38776201
38776201
38776201
7044562
7044562
7044562
33599853
25224340
25224340
25224340
82997779
71593652
22283204
5168381
50147815
#extra 
7894706
45409943
59400890
98502113
80843006
28143384
30138615
66532962
71100270
22984000
70636044
48608796
58058134
92517928
61775475
!side 
70405001
17350692
17350692
17350692
33145233
34267821
34267821
34267821
12580477
1637760
1637760
1637760
29549364
29549364
29549364
