#main 
3717252
77723643
4939890
30328508
30328508
30328508
95072744
95072744
51023024
97518132
44694191
95515789
28985331
28985331
28985331
67750322
67750322
67750322
24088928
44001993
94145021
94145021
94145021
44394295
44394295
44394295
34950192
34950192
34950192
6417578
33599853
61345801
7337976
6498706
6498706
6498706
25224340
25224340
23912837
21011044
#extra 
32467459
32467459
32467459
20366274
20366274
74822425
74822425
50907446
50907446
50907446
8852158
48424886
70383419
24915933
53971455
!side 
26084285
26084285
26084285
102380
102380
102380
43455065
43455065
43455065
69279219
69279219
69279219
5318639
5318639
5318639
