#main 
23856331
50251045
50251045
50251045
96345184
96345184
96345184
59138498
59138498
59138498
22734799
17350692
86999951
59504256
59504256
87498729
87498729
87498729
30373970
30373970
97526666
24508238
24508238
59438930
59438930
59438930
65861210
1259915
1259915
1259915
38776201
38776201
38776201
12397569
12397569
12397569
13070280
58570206
58570206
58570206
25789292
25789292
25789292
50147815
#extra 
7894706
85065943
85065943
80843006
69946549
72309040
70636044
27240101
8491961
72971064
92359409
38354018
26096328
56910167
87676171
!side 
102380
102380
102380
43898403
43898403
53129443
8267140
8267140
8267140
12923641
12923641
12923641
96004535
96004535
86553594
