#main 
85523502
85523502
85523502
22912101
22912101
22912101
58916810
58916810
58916810
11895663
84401954
84401954
84401954
18738846
18738846
48770333
102380
37654623
37654623
37654623
64049762
64049762
64049762
433377
433377
433377
35726888
35726888
49238328
49238328
5318639
5318639
5318639
25789292
25789292
25789292
59921227
59921227
59921227
23526128
#extra 
7894706
59531356
59531356
59531356
83656563
83656563
88177324
63746411
48739166
94380860
21501505
61399402
6983839
95169481
46772449
!side 
78783557
78783557
78783557
102380
102380
67750322
67750322
67750322
66236707
66236707
75652080
75652080
82956214
82956214
82956214
