#main 
37343995
37343995
37343995
16474916
16474916
16474916
43863925
43863925
5352328
5352328
79858629
9627299
9627299
9627299
16889337
16889337
67972302
91800273
91800273
77913594
77913594
77913594
52335937
52335937
52335937
30802207
4408198
95856586
95856586
95856586
25789292
25789292
25789292
12580477
12580477
12580477
5318639
5318639
197042
77891946
77891946
96004535
#extra 
42741437
42741437
77675029
77675029
78135071
78135071
41524885
41524885
5530780
59242457
59242457
45852939
82633039
6983839
71222868
!side 
73602965
73602965
42314669
42314669
42314669
69279219
27581098
27581098
27581098
29549364
29549364
29549364
75364199
75364199
75364199
