#main 
86120751
86120751
86120751
57294268
57294268
57294268
10673071
84288367
84288367
84288367
97682931
97682931
97682931
27204311
27204311
67750322
67750322
24508238
24508238
59438930
59438930
59438930
52038441
52038441
52038441
37432075
37432075
37432075
74063034
74063034
47679935
47679935
47679935
63926180
63926180
63926180
8267140
8267140
8267140
96363153
86319972
#extra 
33166263
33166263
97300502
70383419
6772168
75286621
43989315
49513164
11270236
66532962
50954680
73580471
33698022
5041348
78693036
!side 
35405755
35405755
35405755
78783557
78783557
78783557
36956512
28674152
93332803
99330325
99330325
99330325
75364199
75364199
75364199
