#main 
58446973
58446973
58446973
26034577
88301393
88301393
23440231
23440231
23440231
52038272
14799437
14799437
14799437
89423971
25811989
60551528
96055137
51316684
51316684
19000848
9674034
9674034
9674034
90241276
90241276
90241276
48452496
27260347
45663742
45663742
45663742
30394645
30394645
30394645
7337976
7337976
7337976
96235944
96235944
31444249
31444249
31444249
60830240
60830240
60830240
78748366
78748366
78748366
71593652
53639887
89023486
85106525
85106525
85106525
51697825
51697825
51697825
31548814
31548814
31548814
#extra 
97051536
82734805
82734805
58071334
79415624
59531356
50907446
32467459
45409943
69601012
1769875
78693036
80040886
87188910
9940036
!side 
66675911
77723643
3717252
24081957
44394295
44394295
44394295
34950192
34950192
34950192
2263869
2263869
2263869
54693926
54693926
