#main 
32991027
32991027
32991027
18319762
18319762
18319762
9396662
9396662
9396662
44308317
44308317
70703416
70703416
81275309
99193444
99193444
99193444
17080584
37104630
706925
18494511
18494511
57420265
57420265
27415516
27415516
27415516
26400609
55063751
12975671
12975671
12975671
43582229
84206435
84206435
84206435
5318639
20508881
20508881
20508881
54261514
54261514
54261514
24299458
24299458
34293667
#extra 
60517697
74371660
96402918
96402918
70583986
52687916
70980824
50793215
33467872
87188910
5614808
9464441
96633955
52145422
42566602
!side 
34267821
34267821
34267821
87126721
87126721
43898403
43898403
43898403
20899496
20899496
20899496
98414735
98414735
98414735
41420027
