#main 
79418928
79418928
79418928
52566270
87814728
87814728
87814728
51826619
51826619
86289475
24431911
44839512
44839512
44839512
43017476
43017476
43017476
45041488
80925836
52038441
52038441
52038441
42141493
42141493
42141493
67750322
27204311
27204311
81994591
81994591
28653611
28653611
54734082
65514302
65514302
65514302
35480699
35480699
35480699
33017964
33017964
33017964
39733924
#extra 
47247792
21861412
66011101
46772449
6983839
88021907
63746411
61399402
46804536
2609443
20145685
13289758
67630394
78144171
90448279
!side 
84192580
67750322
34267821
34267821
34267821
29726552
29726552
29726552
91479482
43150717
81994591
43898403
43898403
43898403
96004535
