#main 
4334811
25865565
25865565
25865565
3422200
3422200
3422200
99471856
99471856
20050865
83443619
83443619
83443619
29838323
29838323
56049970
99193444
99193444
99193444
37104630
41516133
41516133
5121528
18616294
18616294
27204311
27204311
27204311
59438931
59438931
67750322
67750322
67750322
24508238
63941210
4909946
4909946
4909946
31552317
53829527
#extra 
15982593
21281085
80040886
13455674
47736165
47736165
47736165
73580471
40509732
66122213
37675907
42110604
76359406
58069384
10443957
!side 
63941210
63941210
78783557
78783557
78783557
34267821
34267821
34267821
59438931
75364199
75364199
75364199
18158393
18158393
18158393
