#main 
85523502
85523502
85523502
22912101
22912101
22912101
58916810
58916810
58916810
11895663
84401954
84401954
84401954
67750322
67750322
67750322
102380
102380
102380
433377
433377
64049762
64049762
64049762
37654623
37654623
37654623
49238328
49238328
35726888
25789292
25789292
25789292
5318639
5318639
5318639
59921227
59921227
59921227
23526128
#extra 
72444406
72444406
98506199
98506199
59531356
59531356
59531356
83656563
83656563
83656563
40673853
40673853
40673853
48739166
46772449
!side 
34267821
34267821
34267821
2263869
2263869
2263869
66236707
66236707
66236707
64697431
64697431
64697431
27581098
27581098
27581098
