#main 
57294268
57294268
10673071
84288367
84288367
84288367
95365081
32759190
18321034
95132593
68144894
55461744
23076639
23076639
23076639
28954097
28954097
28954097
58143852
59438930
59438930
42141493
42141493
42141493
67750322
67750322
67750322
63136489
63136489
63136489
8267140
8267140
37432075
37432075
63926180
63926180
63926180
20415050
93294363
29792472
#extra 
69601012
69601012
1769875
31411835
67021206
67021206
33166263
33166263
70383419
11270236
75286621
43989315
66532962
30138615
69946549
!side 
26084285
26084285
26084285
28674152
46565218
51706604
51706604
51706604
5318639
5318639
5318639
21501961
86319972
34694160
34694160
