#main 
95365081
95365081
95365081
32759190
68144894
95132593
21637502
55461744
55461744
28954097
28954097
28954097
23076639
23076639
23076639
70405001
44001993
24088928
24088928
97462632
97462632
97462632
67750322
67750322
67750322
44694191
20415050
20415050
20415050
57809669
63136489
63136489
63136489
25789292
25789292
33599853
54261514
54261514
29792472
93294363
24749710
#extra 
94410955
31411835
67021206
67021206
69601012
69601012
38264974
1769875
11321089
30138615
69946549
43227
9785661
45935145
1639384
!side 
28674152
28674152
97940434
97940434
97940434
24508238
5318639
5318639
5318639
51706604
51706604
25789292
65703851
65703851
43932352
